3 1 348 710 276 273 -1 -1 -1 -1 1 Orange
3 2 411 0 277 293 -1 -1 -1 -1 2 apple
3 3 470 387 248 260 -1 -1 -1 -1 3 Orange
3 4 198 248 272 281 -1 -1 -1 -1 4 apple
3 5 620 813 450 391 -1 -1 -1 -1 5 banana
3 6 718 135 316 537 -1 -1 -1 -1 6 banana
3 7 81 877 256 254 -1 -1 -1 -1 7 apple
3 8 808 522 271 264 -1 -1 -1 -1 8 banana
4 1 349 709 276 274 -1 -1 -1 -1 1 Orange
4 2 411 0 276 292 -1 -1 -1 -1 2 apple
4 3 470 387 248 260 -1 -1 -1 -1 3 Orange
4 4 200 249 269 281 -1 -1 -1 -1 4 apple
4 5 619 813 451 390 -1 -1 -1 -1 5 banana
4 6 717 135 319 539 -1 -1 -1 -1 6 banana
4 7 84 878 250 249 -1 -1 -1 -1 7 apple
4 8 810 520 269 266 -1 -1 -1 -1 8 banana
5 1 349 709 276 273 -1 -1 -1 -1 1 Orange
5 2 411 0 276 294 -1 -1 -1 -1 2 apple
5 3 471 387 248 259 -1 -1 -1 -1 3 Orange
5 4 198 249 270 284 -1 -1 -1 -1 4 apple
5 5 620 815 447 387 -1 -1 -1 -1 5 banana
5 6 716 134 322 538 -1 -1 -1 -1 6 banana
5 7 82 878 254 249 -1 -1 -1 -1 7 apple
5 8 807 520 272 266 -1 -1 -1 -1 8 banana
6 1 349 710 276 272 -1 -1 -1 -1 1 Orange
6 2 411 0 276 295 -1 -1 -1 -1 2 apple
6 3 470 388 248 258 -1 -1 -1 -1 3 Orange
6 4 200 249 269 283 -1 -1 -1 -1 4 apple
6 5 621 814 446 387 -1 -1 -1 -1 5 banana
6 6 716 134 321 538 -1 -1 -1 -1 6 banana
6 7 81 879 255 250 -1 -1 -1 -1 7 apple
6 8 809 519 270 267 -1 -1 -1 -1 8 banana
7 1 350 710 274 272 -1 -1 -1 -1 1 Orange
7 2 410 0 278 296 -1 -1 -1 -1 2 apple
7 3 470 388 247 258 -1 -1 -1 -1 3 Orange
7 4 198 249 271 285 -1 -1 -1 -1 4 apple
7 5 622 814 446 389 -1 -1 -1 -1 5 banana
7 6 718 132 318 541 -1 -1 -1 -1 6 banana
7 7 81 878 256 252 -1 -1 -1 -1 7 apple
7 8 807 524 272 262 -1 -1 -1 -1 8 banana
8 1 350 710 275 272 -1 -1 -1 -1 1 Orange
8 2 411 0 277 297 -1 -1 -1 -1 2 apple
8 3 470 388 248 259 -1 -1 -1 -1 3 Orange
8 4 198 248 273 284 -1 -1 -1 -1 4 apple
8 5 622 812 448 391 -1 -1 -1 -1 5 banana
8 6 718 133 318 542 -1 -1 -1 -1 6 banana
8 7 79 878 259 253 -1 -1 -1 -1 7 apple
8 8 808 520 271 264 -1 -1 -1 -1 8 banana
9 1 350 709 275 273 -1 -1 -1 -1 1 Orange
9 2 410 0 279 298 -1 -1 -1 -1 2 apple
9 3 470 388 248 259 -1 -1 -1 -1 3 Orange
9 4 198 248 273 284 -1 -1 -1 -1 4 apple
9 5 622 812 450 391 -1 -1 -1 -1 5 banana
9 6 715 133 322 542 -1 -1 -1 -1 6 banana
9 7 79 877 258 254 -1 -1 -1 -1 7 apple
9 8 807 517 272 267 -1 -1 -1 -1 8 banana
10 1 349 709 277 273 -1 -1 -1 -1 1 Orange
10 2 410 0 279 296 -1 -1 -1 -1 2 apple
10 3 469 388 250 259 -1 -1 -1 -1 3 Orange
10 4 198 248 273 284 -1 -1 -1 -1 4 apple
10 5 623 812 449 390 -1 -1 -1 -1 5 banana
10 6 714 141 328 531 -1 -1 -1 -1 6 banana
10 7 85 877 249 254 -1 -1 -1 -1 7 apple
10 8 807 511 271 270 -1 -1 -1 -1 8 banana
11 1 349 709 277 274 -1 -1 -1 -1 1 Orange
11 2 409 0 281 295 -1 -1 -1 -1 2 apple
11 3 469 388 250 260 -1 -1 -1 -1 3 Orange
11 4 199 247 272 286 -1 -1 -1 -1 4 apple
11 5 624 811 448 392 -1 -1 -1 -1 5 banana
11 6 720 136 315 537 -1 -1 -1 -1 6 banana
11 7 86 877 248 254 -1 -1 -1 -1 7 apple
11 8 805 508 274 273 -1 -1 -1 -1 8 banana
12 1 349 709 277 274 -1 -1 -1 -1 1 Orange
12 2 410 0 279 295 -1 -1 -1 -1 2 apple
12 3 468 387 252 261 -1 -1 -1 -1 3 Orange
12 4 199 247 272 286 -1 -1 -1 -1 4 apple
12 5 622 813 450 390 -1 -1 -1 -1 5 banana
12 6 722 134 315 539 -1 -1 -1 -1 6 banana
12 7 83 877 255 254 -1 -1 -1 -1 7 apple
12 8 801 523 278 261 -1 -1 -1 -1 8 banana
13 1 349 709 278 274 -1 -1 -1 -1 1 Orange
13 2 410 0 279 296 -1 -1 -1 -1 2 apple
13 3 470 387 248 261 -1 -1 -1 -1 3 Orange
13 4 200 247 271 286 -1 -1 -1 -1 4 apple
13 5 620 814 451 389 -1 -1 -1 -1 5 banana
13 6 722 134 315 541 -1 -1 -1 -1 6 banana
13 7 86 877 249 252 -1 -1 -1 -1 7 apple
13 8 804 528 275 258 -1 -1 -1 -1 8 banana
14 1 351 709 275 274 -1 -1 -1 -1 1 Orange
14 2 410 0 279 296 -1 -1 -1 -1 2 apple
14 3 470 387 249 261 -1 -1 -1 -1 3 Orange
14 4 201 247 270 285 -1 -1 -1 -1 4 apple
14 5 621 814 450 390 -1 -1 -1 -1 5 banana
14 6 722 134 316 541 -1 -1 -1 -1 6 banana
14 7 87 877 247 249 -1 -1 -1 -1 7 apple
14 8 806 523 272 262 -1 -1 -1 -1 8 banana
15 1 350 709 277 274 -1 -1 -1 -1 1 Orange
15 2 411 0 278 298 -1 -1 -1 -1 2 apple
15 3 471 387 248 261 -1 -1 -1 -1 3 Orange
15 4 201 247 270 285 -1 -1 -1 -1 4 apple
15 5 621 817 450 386 -1 -1 -1 -1 5 banana
15 6 723 134 314 543 -1 -1 -1 -1 6 banana
15 7 87 877 247 248 -1 -1 -1 -1 7 apple
15 8 805 528 274 257 -1 -1 -1 -1 8 banana
16 1 350 708 277 275 -1 -1 -1 -1 1 Orange
16 2 410 0 280 297 -1 -1 -1 -1 2 apple
16 3 471 387 248 261 -1 -1 -1 -1 3 Orange
16 4 201 247 271 285 -1 -1 -1 -1 4 apple
16 5 620 819 451 384 -1 -1 -1 -1 5 banana
16 6 720 133 316 545 -1 -1 -1 -1 6 banana
16 7 87 877 247 249 -1 -1 -1 -1 7 apple
16 8 808 529 271 255 -1 -1 -1 -1 8 banana
17 1 350 708 277 275 -1 -1 -1 -1 1 Orange
17 2 411 0 278 297 -1 -1 -1 -1 2 apple
17 3 471 387 247 262 -1 -1 -1 -1 3 Orange
17 4 200 246 271 286 -1 -1 -1 -1 4 apple
17 5 620 819 450 384 -1 -1 -1 -1 5 banana
17 6 714 140 332 534 -1 -1 -1 -1 6 banana
17 7 87 878 247 248 -1 -1 -1 -1 7 apple
17 8 808 530 271 254 -1 -1 -1 -1 8 banana
18 1 350 708 276 275 -1 -1 -1 -1 1 Orange
18 2 411 0 279 298 -1 -1 -1 -1 2 apple
18 3 471 387 248 261 -1 -1 -1 -1 3 Orange
18 4 199 247 272 285 -1 -1 -1 -1 4 apple
18 5 625 818 442 385 -1 -1 -1 -1 5 banana
18 6 718 145 326 531 -1 -1 -1 -1 6 banana
18 7 88 879 246 244 -1 -1 -1 -1 7 apple
18 8 809 526 269 257 -1 -1 -1 -1 8 banana
19 1 350 709 277 273 -1 -1 -1 -1 1 Orange
19 2 411 0 279 298 -1 -1 -1 -1 2 apple
19 3 471 387 248 261 -1 -1 -1 -1 3 Orange
19 4 199 247 272 284 -1 -1 -1 -1 4 apple
19 5 622 820 447 383 -1 -1 -1 -1 5 banana
19 6 718 150 327 524 -1 -1 -1 -1 6 banana
19 7 88 878 246 247 -1 -1 -1 -1 7 apple
19 8 811 522 267 261 -1 -1 -1 -1 8 banana
20 1 351 709 276 273 -1 -1 -1 -1 1 Orange
20 2 411 0 279 298 -1 -1 -1 -1 2 apple
20 3 471 387 248 261 -1 -1 -1 -1 3 Orange
20 4 199 246 273 285 -1 -1 -1 -1 4 apple
20 5 622 818 448 386 -1 -1 -1 -1 5 banana
20 6 719 153 327 519 -1 -1 -1 -1 6 banana
20 7 89 878 245 249 -1 -1 -1 -1 7 apple
20 8 811 524 268 259 -1 -1 -1 -1 8 banana
21 1 351 709 277 273 -1 -1 -1 -1 1 Orange
21 2 410 0 280 298 -1 -1 -1 -1 2 apple
21 3 471 387 249 262 -1 -1 -1 -1 3 Orange
21 4 201 246 271 284 -1 -1 -1 -1 4 apple
21 5 624 816 447 387 -1 -1 -1 -1 5 banana
21 6 719 153 326 517 -1 -1 -1 -1 6 banana
21 7 87 878 249 248 -1 -1 -1 -1 7 apple
21 8 813 510 264 269 -1 -1 -1 -1 8 banana
22 1 351 709 277 273 -1 -1 -1 -1 1 Orange
22 2 410 0 281 297 -1 -1 -1 -1 2 apple
22 3 472 387 247 261 -1 -1 -1 -1 3 Orange
22 4 202 246 269 283 -1 -1 -1 -1 4 apple
22 5 623 817 449 386 -1 -1 -1 -1 5 banana
22 6 720 152 325 519 -1 -1 -1 -1 6 banana
22 7 88 878 246 249 -1 -1 -1 -1 7 apple
22 8 811 503 268 275 -1 -1 -1 -1 8 banana
23 1 351 709 277 273 -1 -1 -1 -1 1 Orange
23 2 412 0 277 297 -1 -1 -1 -1 2 apple
23 3 471 387 249 261 -1 -1 -1 -1 3 Orange
23 4 202 246 268 283 -1 -1 -1 -1 4 apple
23 5 623 818 448 385 -1 -1 -1 -1 5 banana
23 6 721 153 325 519 -1 -1 -1 -1 6 banana
23 7 89 878 245 250 -1 -1 -1 -1 7 apple
23 8 809 509 270 270 -1 -1 -1 -1 8 banana
24 1 351 709 277 273 -1 -1 -1 -1 1 Orange
24 2 411 0 280 297 -1 -1 -1 -1 2 apple
24 3 472 387 247 261 -1 -1 -1 -1 3 Orange
24 4 202 246 268 283 -1 -1 -1 -1 4 apple
24 5 624 817 446 386 -1 -1 -1 -1 5 banana
24 6 720 151 326 521 -1 -1 -1 -1 6 banana
24 7 87 878 249 248 -1 -1 -1 -1 7 apple
24 8 811 503 268 274 -1 -1 -1 -1 8 banana
25 1 352 709 275 273 -1 -1 -1 -1 1 Orange
25 2 412 0 278 297 -1 -1 -1 -1 2 apple
25 3 472 387 247 261 -1 -1 -1 -1 3 Orange
25 4 202 246 268 283 -1 -1 -1 -1 4 apple
25 5 621 817 447 389 -1 -1 -1 -1 5 banana
25 6 726 142 313 536 -1 -1 -1 -1 6 banana
25 7 88 878 247 246 -1 -1 -1 -1 7 apple
25 8 806 518 273 262 -1 -1 -1 -1 8 banana
26 1 352 709 275 273 -1 -1 -1 -1 1 Orange
26 2 412 0 278 298 -1 -1 -1 -1 2 apple
26 3 471 387 249 260 -1 -1 -1 -1 3 Orange
26 4 202 246 268 283 -1 -1 -1 -1 4 apple
26 5 623 817 447 388 -1 -1 -1 -1 5 banana
26 6 718 145 330 530 -1 -1 -1 -1 6 banana
26 7 86 879 249 245 -1 -1 -1 -1 7 apple
26 8 810 523 269 259 -1 -1 -1 -1 8 banana
27 1 352 709 275 273 -1 -1 -1 -1 1 Orange
27 2 412 0 279 298 -1 -1 -1 -1 2 apple
27 3 471 387 249 260 -1 -1 -1 -1 3 Orange
27 4 202 246 269 284 -1 -1 -1 -1 4 apple
27 5 623 818 448 386 -1 -1 -1 -1 5 banana
27 6 726 138 314 543 -1 -1 -1 -1 6 banana
27 7 86 879 249 246 -1 -1 -1 -1 7 apple
27 8 812 521 267 261 -1 -1 -1 -1 8 banana
28 1 352 709 274 273 -1 -1 -1 -1 1 Orange
28 2 412 0 278 299 -1 -1 -1 -1 2 apple
28 3 472 387 248 261 -1 -1 -1 -1 3 Orange
28 4 201 246 271 284 -1 -1 -1 -1 4 apple
28 5 622 818 449 385 -1 -1 -1 -1 5 banana
28 6 718 145 331 531 -1 -1 -1 -1 6 banana
28 7 84 879 252 247 -1 -1 -1 -1 7 apple
28 8 812 523 267 259 -1 -1 -1 -1 8 banana
29 1 351 709 276 273 -1 -1 -1 -1 1 Orange
29 2 412 0 279 299 -1 -1 -1 -1 2 apple
29 3 472 387 248 261 -1 -1 -1 -1 3 Orange
29 4 201 246 270 284 -1 -1 -1 -1 4 apple
29 5 621 819 451 384 -1 -1 -1 -1 5 banana
29 6 720 146 328 527 -1 -1 -1 -1 6 banana
29 7 86 877 249 251 -1 -1 -1 -1 7 apple
29 8 812 524 267 258 -1 -1 -1 -1 8 banana
30 1 352 708 274 274 -1 -1 -1 -1 1 Orange
30 2 411 0 280 300 -1 -1 -1 -1 2 apple
30 3 472 387 249 261 -1 -1 -1 -1 3 Orange
30 4 202 246 269 283 -1 -1 -1 -1 4 apple
30 5 623 820 448 382 -1 -1 -1 -1 5 banana
30 6 720 151 329 522 -1 -1 -1 -1 6 banana
30 7 87 877 247 251 -1 -1 -1 -1 7 apple
30 8 813 524 266 257 -1 -1 -1 -1 8 banana
31 1 352 708 276 275 -1 -1 -1 -1 1 Orange
31 2 410 0 282 299 -1 -1 -1 -1 2 apple
31 3 472 387 249 261 -1 -1 -1 -1 3 Orange
31 4 203 246 268 283 -1 -1 -1 -1 4 apple
31 5 625 819 443 383 -1 -1 -1 -1 5 banana
31 6 720 154 332 519 -1 -1 -1 -1 6 banana
31 7 84 877 253 251 -1 -1 -1 -1 7 apple
31 8 814 518 264 263 -1 -1 -1 -1 8 banana
32 1 352 708 276 275 -1 -1 -1 -1 1 Orange
32 2 411 0 280 299 -1 -1 -1 -1 2 apple
32 3 472 386 248 262 -1 -1 -1 -1 3 Orange
32 4 203 246 268 282 -1 -1 -1 -1 4 apple
32 5 626 817 443 384 -1 -1 -1 -1 5 banana
32 6 719 154 334 518 -1 -1 -1 -1 6 banana
32 7 81 878 259 250 -1 -1 -1 -1 7 apple
32 8 813 512 266 268 -1 -1 -1 -1 8 banana
33 1 352 708 276 275 -1 -1 -1 -1 1 Orange
33 2 410 0 282 298 -1 -1 -1 -1 2 apple
33 3 471 386 250 262 -1 -1 -1 -1 3 Orange
33 4 203 246 268 282 -1 -1 -1 -1 4 apple
33 5 623 819 448 382 -1 -1 -1 -1 5 banana
33 6 720 155 330 516 -1 -1 -1 -1 6 banana
33 7 85 878 251 250 -1 -1 -1 -1 7 apple
33 8 813 504 266 272 -1 -1 -1 -1 8 banana
34 1 352 708 276 275 -1 -1 -1 -1 1 Orange
34 2 411 0 281 297 -1 -1 -1 -1 2 apple
34 3 472 386 248 262 -1 -1 -1 -1 3 Orange
34 4 203 245 268 283 -1 -1 -1 -1 4 apple
34 5 625 818 446 384 -1 -1 -1 -1 5 banana
34 6 721 153 327 518 -1 -1 -1 -1 6 banana
34 7 84 878 254 250 -1 -1 -1 -1 7 apple
34 8 813 499 266 277 -1 -1 -1 -1 8 banana
35 1 352 708 276 275 -1 -1 -1 -1 1 Orange
35 2 411 0 281 297 -1 -1 -1 -1 2 apple
35 3 471 386 250 262 -1 -1 -1 -1 3 Orange
35 4 202 245 269 283 -1 -1 -1 -1 4 apple
35 5 625 818 447 385 -1 -1 -1 -1 5 banana
35 6 719 153 330 517 -1 -1 -1 -1 6 banana
35 7 86 878 251 248 -1 -1 -1 -1 7 apple
35 8 810 511 269 266 -1 -1 -1 -1 8 banana
36 1 352 708 277 275 -1 -1 -1 -1 1 Orange
36 2 412 0 279 297 -1 -1 -1 -1 2 apple
36 3 471 386 251 262 -1 -1 -1 -1 3 Orange
36 4 202 245 269 283 -1 -1 -1 -1 4 apple
36 5 626 818 445 385 -1 -1 -1 -1 5 banana
36 6 722 147 327 525 -1 -1 -1 -1 6 banana
36 7 85 878 252 248 -1 -1 -1 -1 7 apple
36 8 813 504 266 271 -1 -1 -1 -1 8 banana
37 1 352 708 277 275 -1 -1 -1 -1 1 Orange
37 2 412 0 279 297 -1 -1 -1 -1 2 apple
37 3 471 387 250 261 -1 -1 -1 -1 3 Orange
37 4 202 245 270 283 -1 -1 -1 -1 4 apple
37 5 623 820 449 383 -1 -1 -1 -1 5 banana
37 6 718 148 335 526 -1 -1 -1 -1 6 banana
37 7 88 879 250 246 -1 -1 -1 -1 7 apple
37 8 810 512 269 264 -1 -1 -1 -1 8 banana
38 1 352 708 277 275 -1 -1 -1 -1 1 Orange
38 2 413 0 277 297 -1 -1 -1 -1 2 apple
38 3 470 387 251 261 -1 -1 -1 -1 3 Orange
38 4 203 245 269 284 -1 -1 -1 -1 4 apple
38 5 623 820 449 383 -1 -1 -1 -1 5 banana
38 6 719 150 334 524 -1 -1 -1 -1 6 banana
38 7 88 879 249 247 -1 -1 -1 -1 7 apple
38 8 813 516 266 261 -1 -1 -1 -1 8 banana
39 1 352 707 277 275 -1 -1 -1 -1 1 Orange
39 2 412 0 279 297 -1 -1 -1 -1 2 apple
39 3 471 387 250 261 -1 -1 -1 -1 3 Orange
39 4 203 245 269 284 -1 -1 -1 -1 4 apple
39 5 622 820 450 382 -1 -1 -1 -1 5 banana
39 6 720 150 334 522 -1 -1 -1 -1 6 banana
39 7 87 878 250 248 -1 -1 -1 -1 7 apple
39 8 813 520 266 257 -1 -1 -1 -1 8 banana
40 1 352 708 278 274 -1 -1 -1 -1 1 Orange
40 2 412 0 279 297 -1 -1 -1 -1 2 apple
40 3 471 388 249 261 -1 -1 -1 -1 3 Orange
40 4 204 245 267 284 -1 -1 -1 -1 4 apple
40 5 620 819 452 383 -1 -1 -1 -1 5 banana
40 6 721 154 330 517 -1 -1 -1 -1 6 banana
40 7 88 878 249 248 -1 -1 -1 -1 7 apple
40 8 815 517 264 260 -1 -1 -1 -1 8 banana
41 1 353 708 276 274 -1 -1 -1 -1 1 Orange
41 2 413 0 279 298 -1 -1 -1 -1 2 apple
41 3 471 387 249 261 -1 -1 -1 -1 3 Orange
41 4 203 245 268 284 -1 -1 -1 -1 4 apple
41 5 621 819 450 383 -1 -1 -1 -1 5 banana
41 6 722 154 331 517 -1 -1 -1 -1 6 banana
41 7 88 878 248 249 -1 -1 -1 -1 7 apple
41 8 813 518 266 260 -1 -1 -1 -1 8 banana
42 1 353 708 277 274 -1 -1 -1 -1 1 Orange
42 2 414 0 277 298 -1 -1 -1 -1 2 apple
42 3 471 387 249 261 -1 -1 -1 -1 3 Orange
42 4 203 245 269 284 -1 -1 -1 -1 4 apple
42 5 618 819 452 383 -1 -1 -1 -1 5 banana
42 6 722 151 329 520 -1 -1 -1 -1 6 banana
42 7 87 878 250 249 -1 -1 -1 -1 7 apple
42 8 812 518 267 260 -1 -1 -1 -1 8 banana
43 1 352 708 278 274 -1 -1 -1 -1 1 Orange
43 2 414 0 277 299 -1 -1 -1 -1 2 apple
43 3 471 387 250 261 -1 -1 -1 -1 3 Orange
43 4 204 245 267 284 -1 -1 -1 -1 4 apple
43 5 623 818 446 384 -1 -1 -1 -1 5 banana
43 6 721 151 330 521 -1 -1 -1 -1 6 banana
43 7 87 879 248 247 -1 -1 -1 -1 7 apple
43 8 812 521 267 257 -1 -1 -1 -1 8 banana
44 1 352 708 278 274 -1 -1 -1 -1 1 Orange
44 2 414 0 277 300 -1 -1 -1 -1 2 apple
44 3 471 386 250 261 -1 -1 -1 -1 3 Orange
44 4 204 245 267 284 -1 -1 -1 -1 4 apple
44 5 623 816 448 388 -1 -1 -1 -1 5 banana
44 6 720 151 332 522 -1 -1 -1 -1 6 banana
44 7 87 879 249 246 -1 -1 -1 -1 7 apple
44 8 813 521 266 257 -1 -1 -1 -1 8 banana
45 1 353 708 276 274 -1 -1 -1 -1 1 Orange
45 2 413 0 280 300 -1 -1 -1 -1 2 apple
45 3 472 387 249 260 -1 -1 -1 -1 3 Orange
45 4 204 245 267 284 -1 -1 -1 -1 4 apple
45 5 624 816 448 388 -1 -1 -1 -1 5 banana
45 6 721 148 330 525 -1 -1 -1 -1 6 banana
45 7 87 879 248 247 -1 -1 -1 -1 7 apple
45 8 815 520 263 259 -1 -1 -1 -1 8 banana
46 1 352 709 277 273 -1 -1 -1 -1 1 Orange
46 2 412 0 280 299 -1 -1 -1 -1 2 apple
46 3 472 387 249 261 -1 -1 -1 -1 3 Orange
46 4 204 245 266 286 -1 -1 -1 -1 4 apple
46 5 624 817 447 386 -1 -1 -1 -1 5 banana
46 6 721 147 331 526 -1 -1 -1 -1 6 banana
46 7 87 879 248 248 -1 -1 -1 -1 7 apple
46 8 813 520 266 259 -1 -1 -1 -1 8 banana
47 1 353 709 276 273 -1 -1 -1 -1 1 Orange
47 2 413 0 279 300 -1 -1 -1 -1 2 apple
47 3 472 387 249 261 -1 -1 -1 -1 3 Orange
47 4 204 244 267 287 -1 -1 -1 -1 4 apple
47 5 623 820 448 382 -1 -1 -1 -1 5 banana
47 6 722 147 331 526 -1 -1 -1 -1 6 banana
47 7 87 878 248 251 -1 -1 -1 -1 7 apple
47 8 813 522 266 257 -1 -1 -1 -1 8 banana
48 1 353 709 277 273 -1 -1 -1 -1 1 Orange
48 2 413 0 279 300 -1 -1 -1 -1 2 apple
48 3 472 387 250 261 -1 -1 -1 -1 3 Orange
48 4 203 247 266 287 -1 -1 -1 -1 4 apple
48 5 625 820 445 382 -1 -1 -1 -1 5 banana
48 6 721 148 330 526 -1 -1 -1 -1 6 banana
48 7 85 878 252 249 -1 -1 -1 -1 7 apple
48 8 812 523 267 255 -1 -1 -1 -1 8 banana
49 1 353 708 276 274 -1 -1 -1 -1 1 Orange
49 2 414 0 277 300 -1 -1 -1 -1 2 apple
49 3 472 387 250 261 -1 -1 -1 -1 3 Orange
49 4 203 245 268 287 -1 -1 -1 -1 4 apple
49 5 627 819 444 383 -1 -1 -1 -1 5 banana
49 6 720 147 330 526 -1 -1 -1 -1 6 banana
49 7 86 878 251 248 -1 -1 -1 -1 7 apple
49 8 813 522 266 256 -1 -1 -1 -1 8 banana
50 1 352 708 278 274 -1 -1 -1 -1 1 Orange
50 2 413 0 279 299 -1 -1 -1 -1 2 apple
50 3 472 387 249 261 -1 -1 -1 -1 3 Orange
50 4 203 245 268 286 -1 -1 -1 -1 4 apple
50 5 627 819 444 383 -1 -1 -1 -1 5 banana
50 6 719 147 331 526 -1 -1 -1 -1 6 banana
50 7 87 878 249 246 -1 -1 -1 -1 7 apple
50 8 813 521 266 257 -1 -1 -1 -1 8 banana
51 1 352 708 278 274 -1 -1 -1 -1 1 Orange
51 2 413 0 279 298 -1 -1 -1 -1 2 apple
51 3 473 387 248 260 -1 -1 -1 -1 3 Orange
51 4 204 244 266 287 -1 -1 -1 -1 4 apple
51 5 625 820 447 382 -1 -1 -1 -1 5 banana
51 6 718 144 332 529 -1 -1 -1 -1 6 banana
51 7 87 878 250 245 -1 -1 -1 -1 7 apple
51 8 811 523 268 256 -1 -1 -1 -1 8 banana
52 1 353 708 276 274 -1 -1 -1 -1 1 Orange
52 2 414 0 277 298 -1 -1 -1 -1 2 apple
52 3 472 386 250 261 -1 -1 -1 -1 3 Orange
52 4 203 244 269 286 -1 -1 -1 -1 4 apple
52 5 627 819 444 383 -1 -1 -1 -1 5 banana
52 6 720 145 329 527 -1 -1 -1 -1 6 banana
52 7 89 879 246 244 -1 -1 -1 -1 7 apple
52 8 811 521 268 259 -1 -1 -1 -1 8 banana
53 1 352 709 279 273 -1 -1 -1 -1 1 Orange
53 2 414 0 278 298 -1 -1 -1 -1 2 apple
53 3 472 386 250 261 -1 -1 -1 -1 3 Orange
53 4 204 244 267 286 -1 -1 -1 -1 4 apple
53 5 624 820 447 381 -1 -1 -1 -1 5 banana
53 6 722 145 328 526 -1 -1 -1 -1 6 banana
53 7 90 879 244 242 -1 -1 -1 -1 7 apple
53 8 812 521 267 259 -1 -1 -1 -1 8 banana
54 1 353 709 277 273 -1 -1 -1 -1 1 Orange
54 2 414 0 278 298 -1 -1 -1 -1 2 apple
54 3 472 386 250 262 -1 -1 -1 -1 3 Orange
54 4 203 244 269 287 -1 -1 -1 -1 4 apple
54 5 625 819 444 383 -1 -1 -1 -1 5 banana
54 6 729 138 313 539 -1 -1 -1 -1 6 banana
54 7 90 878 244 245 -1 -1 -1 -1 7 apple
54 8 809 527 270 252 -1 -1 -1 -1 8 banana
55 1 353 709 277 273 -1 -1 -1 -1 1 Orange
55 2 414 0 278 299 -1 -1 -1 -1 2 apple
55 3 472 386 250 262 -1 -1 -1 -1 3 Orange
55 4 203 244 269 287 -1 -1 -1 -1 4 apple
55 5 627 819 441 383 -1 -1 -1 -1 5 banana
55 6 729 134 313 546 -1 -1 -1 -1 6 banana
55 7 90 878 245 246 -1 -1 -1 -1 7 apple
55 8 812 524 266 255 -1 -1 -1 -1 8 banana
56 1 353 709 278 273 -1 -1 -1 -1 1 Orange
56 2 414 0 278 300 -1 -1 -1 -1 2 apple
56 3 471 386 251 262 -1 -1 -1 -1 3 Orange
56 4 201 246 270 287 -1 -1 -1 -1 4 apple
56 5 629 819 441 382 -1 -1 -1 -1 5 banana
56 6 719 142 334 533 -1 -1 -1 -1 6 banana
56 7 88 878 248 245 -1 -1 -1 -1 7 apple
56 8 814 520 265 257 -1 -1 -1 -1 8 banana
57 1 353 709 277 274 -1 -1 -1 -1 1 Orange
57 2 414 0 278 300 -1 -1 -1 -1 2 apple
57 3 472 386 249 263 -1 -1 -1 -1 3 Orange
57 4 201 247 270 287 -1 -1 -1 -1 4 apple
57 5 625 820 445 381 -1 -1 -1 -1 5 banana
57 6 726 136 318 545 -1 -1 -1 -1 6 banana
57 7 90 878 246 247 -1 -1 -1 -1 7 apple
57 8 814 519 265 260 -1 -1 -1 -1 8 banana
58 1 353 708 277 275 -1 -1 -1 -1 1 Orange
58 2 414 0 279 300 -1 -1 -1 -1 2 apple
58 3 472 386 249 263 -1 -1 -1 -1 3 Orange
58 4 203 245 269 288 -1 -1 -1 -1 4 apple
58 5 625 818 446 383 -1 -1 -1 -1 5 banana
58 6 718 141 334 534 -1 -1 -1 -1 6 banana
58 7 89 878 247 247 -1 -1 -1 -1 7 apple
58 8 813 523 266 257 -1 -1 -1 -1 8 banana
59 1 354 708 275 275 -1 -1 -1 -1 1 Orange
59 2 415 0 277 300 -1 -1 -1 -1 2 apple
59 3 472 386 250 263 -1 -1 -1 -1 3 Orange
59 4 203 245 269 286 -1 -1 -1 -1 4 apple
59 5 624 820 447 380 -1 -1 -1 -1 5 banana
59 6 727 134 316 547 -1 -1 -1 -1 6 banana
59 7 90 879 246 244 -1 -1 -1 -1 7 apple
59 8 813 524 266 256 -1 -1 -1 -1 8 banana
60 1 352 708 279 276 -1 -1 -1 -1 1 Orange
60 2 414 0 279 299 -1 -1 -1 -1 2 apple
60 3 472 386 250 263 -1 -1 -1 -1 3 Orange
60 4 202 246 269 288 -1 -1 -1 -1 4 apple
60 5 627 822 443 378 -1 -1 -1 -1 5 banana
60 6 717 139 336 539 -1 -1 -1 -1 6 banana
60 7 90 878 245 246 -1 -1 -1 -1 7 apple
60 8 815 522 264 258 -1 -1 -1 -1 8 banana
61 1 353 709 277 274 -1 -1 -1 -1 1 Orange
61 2 414 0 278 298 -1 -1 -1 -1 2 apple
61 3 472 386 251 263 -1 -1 -1 -1 3 Orange
61 4 201 247 270 288 -1 -1 -1 -1 4 apple
61 5 628 820 441 381 -1 -1 -1 -1 5 banana
61 6 719 142 333 534 -1 -1 -1 -1 6 banana
61 7 89 878 247 247 -1 -1 -1 -1 7 apple
61 8 814 522 265 257 -1 -1 -1 -1 8 banana
62 1 354 709 275 274 -1 -1 -1 -1 1 Orange
62 2 415 0 277 297 -1 -1 -1 -1 2 apple
62 3 472 386 251 263 -1 -1 -1 -1 3 Orange
62 4 202 245 270 287 -1 -1 -1 -1 4 apple
62 5 629 818 441 383 -1 -1 -1 -1 5 banana
62 6 719 145 333 531 -1 -1 -1 -1 6 banana
62 7 88 878 248 249 -1 -1 -1 -1 7 apple
62 8 812 525 267 255 -1 -1 -1 -1 8 banana
63 1 353 709 277 273 -1 -1 -1 -1 1 Orange
63 2 415 0 277 297 -1 -1 -1 -1 2 apple
63 3 473 386 249 263 -1 -1 -1 -1 3 Orange
63 4 201 247 270 287 -1 -1 -1 -1 4 apple
63 5 628 818 443 383 -1 -1 -1 -1 5 banana
63 6 721 143 331 533 -1 -1 -1 -1 6 banana
63 7 87 878 250 248 -1 -1 -1 -1 7 apple
63 8 814 521 264 259 -1 -1 -1 -1 8 banana
64 1 353 709 277 273 -1 -1 -1 -1 1 Orange
64 2 414 0 278 297 -1 -1 -1 -1 2 apple
64 3 472 387 250 262 -1 -1 -1 -1 3 Orange
64 4 201 247 270 287 -1 -1 -1 -1 4 apple
64 5 629 820 442 380 -1 -1 -1 -1 5 banana
64 6 721 142 329 533 -1 -1 -1 -1 6 banana
64 7 87 878 250 247 -1 -1 -1 -1 7 apple
64 8 813 522 266 258 -1 -1 -1 -1 8 banana
65 1 353 709 277 273 -1 -1 -1 -1 1 Orange
65 2 415 0 277 298 -1 -1 -1 -1 2 apple
65 3 473 387 249 262 -1 -1 -1 -1 3 Orange
65 4 200 248 272 286 -1 -1 -1 -1 4 apple
65 5 627 820 443 380 -1 -1 -1 -1 5 banana
65 6 720 142 330 532 -1 -1 -1 -1 6 banana
65 7 88 878 248 249 -1 -1 -1 -1 7 apple
65 8 814 522 265 258 -1 -1 -1 -1 8 banana
66 1 353 709 277 273 -1 -1 -1 -1 1 Orange
66 2 415 0 277 299 -1 -1 -1 -1 2 apple
66 3 472 387 251 262 -1 -1 -1 -1 3 Orange
66 4 200 248 271 286 -1 -1 -1 -1 4 apple
66 5 630 820 439 381 -1 -1 -1 -1 5 banana
66 6 719 146 332 526 -1 -1 -1 -1 6 banana
66 7 89 878 246 250 -1 -1 -1 -1 7 apple
66 8 812 522 267 256 -1 -1 -1 -1 8 banana
67 1 354 710 275 272 -1 -1 -1 -1 1 Orange
67 2 415 0 278 298 -1 -1 -1 -1 2 apple
67 3 472 387 251 262 -1 -1 -1 -1 3 Orange
67 4 201 248 270 285 -1 -1 -1 -1 4 apple
67 5 629 818 440 384 -1 -1 -1 -1 5 banana
67 6 720 148 330 524 -1 -1 -1 -1 6 banana
67 7 90 878 245 249 -1 -1 -1 -1 7 apple
67 8 810 524 269 254 -1 -1 -1 -1 8 banana
68 1 354 709 275 273 -1 -1 -1 -1 1 Orange
68 2 415 0 277 298 -1 -1 -1 -1 2 apple
68 3 473 387 250 262 -1 -1 -1 -1 3 Orange
68 4 203 247 268 283 -1 -1 -1 -1 4 apple
68 5 625 817 445 385 -1 -1 -1 -1 5 banana
68 6 720 152 332 521 -1 -1 -1 -1 6 banana
68 7 90 878 246 249 -1 -1 -1 -1 7 apple
68 8 811 525 268 254 -1 -1 -1 -1 8 banana
69 1 354 709 275 274 -1 -1 -1 -1 1 Orange
69 2 415 0 276 298 -1 -1 -1 -1 2 apple
69 3 472 387 251 262 -1 -1 -1 -1 3 Orange
69 4 205 246 266 282 -1 -1 -1 -1 4 apple
69 5 625 817 445 385 -1 -1 -1 -1 5 banana
69 6 720 153 332 520 -1 -1 -1 -1 6 banana
69 7 89 878 247 249 -1 -1 -1 -1 7 apple
69 8 811 524 268 256 -1 -1 -1 -1 8 banana
70 1 353 709 277 274 -1 -1 -1 -1 1 Orange
70 2 415 0 277 298 -1 -1 -1 -1 2 apple
70 3 472 387 250 262 -1 -1 -1 -1 3 Orange
70 4 202 248 269 282 -1 -1 -1 -1 4 apple
70 5 625 817 445 385 -1 -1 -1 -1 5 banana
70 6 719 152 333 521 -1 -1 -1 -1 6 banana
70 7 89 877 248 250 -1 -1 -1 -1 7 apple
70 8 810 527 269 253 -1 -1 -1 -1 8 banana
71 1 353 709 277 274 -1 -1 -1 -1 1 Orange
71 2 415 0 277 297 -1 -1 -1 -1 2 apple
71 3 472 387 250 262 -1 -1 -1 -1 3 Orange
71 4 202 248 269 284 -1 -1 -1 -1 4 apple
71 5 627 817 443 385 -1 -1 -1 -1 5 banana
71 6 720 153 332 521 -1 -1 -1 -1 6 banana
71 7 87 878 250 248 -1 -1 -1 -1 7 apple
71 8 812 527 267 253 -1 -1 -1 -1 8 banana
72 1 354 709 275 274 -1 -1 -1 -1 1 Orange
72 2 415 0 277 297 -1 -1 -1 -1 2 apple
72 3 473 387 250 262 -1 -1 -1 -1 3 Orange
72 4 202 248 268 285 -1 -1 -1 -1 4 apple
72 5 628 818 441 384 -1 -1 -1 -1 5 banana
72 6 720 153 332 521 -1 -1 -1 -1 6 banana
72 7 89 878 247 245 -1 -1 -1 -1 7 apple
72 8 814 528 265 252 -1 -1 -1 -1 8 banana
73 1 354 709 275 274 -1 -1 -1 -1 1 Orange
73 2 415 0 277 297 -1 -1 -1 -1 2 apple
73 3 473 387 250 262 -1 -1 -1 -1 3 Orange
73 4 202 248 267 285 -1 -1 -1 -1 4 apple
73 5 631 817 437 386 -1 -1 -1 -1 5 banana
73 6 721 153 330 520 -1 -1 -1 -1 6 banana
73 7 88 879 248 244 -1 -1 -1 -1 7 apple
73 8 816 525 262 255 -1 -1 -1 -1 8 banana
74 1 353 709 277 275 -1 -1 -1 -1 1 Orange
74 2 414 0 278 297 -1 -1 -1 -1 2 apple
74 3 472 387 251 262 -1 -1 -1 -1 3 Orange
74 4 202 248 268 286 -1 -1 -1 -1 4 apple
74 5 627 817 444 386 -1 -1 -1 -1 5 banana
74 6 722 150 329 522 -1 -1 -1 -1 6 banana
74 7 86 879 251 245 -1 -1 -1 -1 7 apple
74 8 813 527 266 254 -1 -1 -1 -1 8 banana
75 1 353 708 278 276 -1 -1 -1 -1 1 Orange
75 2 414 0 278 297 -1 -1 -1 -1 2 apple
75 3 472 387 250 262 -1 -1 -1 -1 3 Orange
75 4 202 248 268 286 -1 -1 -1 -1 4 apple
75 5 628 816 444 387 -1 -1 -1 -1 5 banana
75 6 722 147 328 527 -1 -1 -1 -1 6 banana
75 7 87 879 249 245 -1 -1 -1 -1 7 apple
75 8 813 531 266 250 -1 -1 -1 -1 8 banana
76 1 353 708 277 276 -1 -1 -1 -1 1 Orange
76 2 414 0 279 298 -1 -1 -1 -1 2 apple
76 3 472 387 251 262 -1 -1 -1 -1 3 Orange
76 4 202 248 268 287 -1 -1 -1 -1 4 apple
76 5 628 814 445 389 -1 -1 -1 -1 5 banana
76 6 721 146 330 528 -1 -1 -1 -1 6 banana
76 7 87 878 249 247 -1 -1 -1 -1 7 apple
76 8 814 528 265 253 -1 -1 -1 -1 8 banana
77 1 353 708 277 276 -1 -1 -1 -1 1 Orange
77 2 415 0 278 298 -1 -1 -1 -1 2 apple
77 3 472 387 250 262 -1 -1 -1 -1 3 Orange
77 4 202 248 269 288 -1 -1 -1 -1 4 apple
77 5 626 816 448 386 -1 -1 -1 -1 5 banana
77 6 720 147 330 527 -1 -1 -1 -1 6 banana
77 7 87 878 249 247 -1 -1 -1 -1 7 apple
77 8 813 527 266 253 -1 -1 -1 -1 8 banana
78 1 352 708 279 276 -1 -1 -1 -1 1 Orange
78 2 415 0 278 297 -1 -1 -1 -1 2 apple
78 3 472 387 250 262 -1 -1 -1 -1 3 Orange
78 4 202 248 268 287 -1 -1 -1 -1 4 apple
78 5 628 815 444 386 -1 -1 -1 -1 5 banana
78 6 718 148 333 528 -1 -1 -1 -1 6 banana
78 7 87 878 249 247 -1 -1 -1 -1 7 apple
78 8 814 526 265 253 -1 -1 -1 -1 8 banana
79 1 353 708 277 276 -1 -1 -1 -1 1 Orange
79 2 415 0 277 298 -1 -1 -1 -1 2 apple
79 3 473 387 249 262 -1 -1 -1 -1 3 Orange
79 4 202 248 268 287 -1 -1 -1 -1 4 apple
79 5 631 815 440 386 -1 -1 -1 -1 5 banana
79 6 718 148 336 526 -1 -1 -1 -1 6 banana
79 7 86 878 250 248 -1 -1 -1 -1 7 apple
79 8 813 530 266 250 -1 -1 -1 -1 8 banana
80 1 353 708 278 275 -1 -1 -1 -1 1 Orange
80 2 415 0 277 298 -1 -1 -1 -1 2 apple
80 3 473 387 249 262 -1 -1 -1 -1 3 Orange
80 4 202 248 269 286 -1 -1 -1 -1 4 apple
80 5 628 818 444 383 -1 -1 -1 -1 5 banana
80 6 721 146 330 528 -1 -1 -1 -1 6 banana
80 7 86 878 251 248 -1 -1 -1 -1 7 apple
80 8 816 526 263 252 -1 -1 -1 -1 8 banana
81 1 353 709 277 274 -1 -1 -1 -1 1 Orange
81 2 416 0 277 300 -1 -1 -1 -1 2 apple
81 3 473 387 250 262 -1 -1 -1 -1 3 Orange
81 4 202 248 268 286 -1 -1 -1 -1 4 apple
81 5 629 818 442 383 -1 -1 -1 -1 5 banana
81 6 721 142 331 532 -1 -1 -1 -1 6 banana
81 7 87 878 250 248 -1 -1 -1 -1 7 apple
81 8 815 524 264 253 -1 -1 -1 -1 8 banana
82 1 353 709 277 274 -1 -1 -1 -1 1 Orange
82 2 415 0 279 300 -1 -1 -1 -1 2 apple
82 3 472 387 251 262 -1 -1 -1 -1 3 Orange
82 4 201 248 269 286 -1 -1 -1 -1 4 apple
82 5 630 816 441 385 -1 -1 -1 -1 5 banana
82 6 720 143 333 531 -1 -1 -1 -1 6 banana
82 7 89 877 247 250 -1 -1 -1 -1 7 apple
82 8 814 525 265 252 -1 -1 -1 -1 8 banana
83 1 353 707 277 277 -1 -1 -1 -1 1 Orange
83 2 413 0 283 295 -1 -1 -1 -1 2 apple
83 3 472 383 251 266 -1 -1 -1 -1 3 Orange
83 4 203 243 269 285 -1 -1 -1 -1 4 apple
83 5 627 815 445 387 -1 -1 -1 -1 5 banana
83 6 730 131 317 536 -1 -1 -1 -1 6 banana
83 7 88 876 248 253 -1 -1 -1 -1 7 apple
83 8 817 519 260 260 -1 -1 -1 -1 8 banana
84 1 353 706 278 277 -1 -1 -1 -1 1 Orange
84 2 411 0 285 293 -1 -1 -1 -1 2 apple
84 3 470 381 256 266 -1 -1 -1 -1 3 Orange
84 4 203 240 271 283 -1 -1 -1 -1 4 apple
84 5 632 813 438 389 -1 -1 -1 -1 5 banana
84 6 732 125 315 535 -1 -1 -1 -1 6 banana
84 7 86 877 250 251 -1 -1 -1 -1 7 apple
84 8 817 526 262 252 -1 -1 -1 -1 8 banana
85 1 352 705 279 278 -1 -1 -1 -1 1 Orange
85 2 410 0 287 288 -1 -1 -1 -1 2 apple
85 3 470 380 256 265 -1 -1 -1 -1 3 Orange
85 4 203 239 271 282 -1 -1 -1 -1 4 apple
85 5 639 811 430 394 -1 -1 -1 -1 5 banana
85 6 735 118 316 540 -1 -1 -1 -1 6 banana
85 7 84 877 253 248 -1 -1 -1 -1 7 apple
85 8 822 522 256 258 -1 -1 -1 -1 8 banana
86 1 350 705 283 277 -1 -1 -1 -1 1 Orange
86 2 408 0 291 279 -1 -1 -1 -1 2 apple
86 3 471 379 256 264 -1 -1 -1 -1 3 Orange
86 4 203 236 270 284 -1 -1 -1 -1 4 apple
86 5 636 810 436 395 -1 -1 -1 -1 5 banana
86 6 740 103 311 563 -1 -1 -1 -1 6 banana
86 7 84 877 252 247 -1 -1 -1 -1 7 apple
86 8 824 522 255 260 -1 -1 -1 -1 8 banana
87 1 351 704 281 278 -1 -1 -1 -1 1 Orange
87 2 408 0 290 274 -1 -1 -1 -1 2 apple
87 3 470 374 257 272 -1 -1 -1 -1 3 Orange
87 4 200 233 274 285 -1 -1 -1 -1 4 apple
87 5 640 804 431 404 -1 -1 -1 -1 5 banana
87 6 742 97 312 570 -1 -1 -1 -1 6 banana
87 7 83 877 252 248 -1 -1 -1 -1 7 apple
87 8 826 515 252 265 -1 -1 -1 -1 8 banana
88 1 349 702 283 281 -1 -1 -1 -1 1 Orange
88 2 408 0 291 270 -1 -1 -1 -1 2 apple
88 3 468 367 260 279 -1 -1 -1 -1 3 Orange
88 4 197 228 277 286 -1 -1 -1 -1 4 apple
88 5 640 803 434 407 -1 -1 -1 -1 5 banana
88 6 743 93 317 573 -1 -1 -1 -1 6 banana
88 7 73 874 264 256 -1 -1 -1 -1 7 apple
88 8 827 511 252 265 -1 -1 -1 -1 8 banana
89 1 347 702 286 281 -1 -1 -1 -1 1 Orange
89 2 407 0 293 267 -1 -1 -1 -1 2 apple
89 3 468 365 262 279 -1 -1 -1 -1 3 Orange
89 4 195 224 278 289 -1 -1 -1 -1 4 apple
89 5 641 806 434 406 -1 -1 -1 -1 5 banana
89 6 743 98 318 566 -1 -1 -1 -1 6 banana
89 7 70 874 266 255 -1 -1 -1 -1 7 apple
89 8 831 504 247 269 -1 -1 -1 -1 8 banana
90 1 346 701 287 282 -1 -1 -1 -1 1 Orange
90 2 405 0 296 265 -1 -1 -1 -1 2 apple
90 3 469 363 262 278 -1 -1 -1 -1 3 Orange
90 4 193 220 280 289 -1 -1 -1 -1 4 apple
90 5 643 804 432 411 -1 -1 -1 -1 5 banana
90 6 746 95 313 564 -1 -1 -1 -1 6 banana
90 7 71 874 264 254 -1 -1 -1 -1 7 apple
90 8 832 498 246 274 -1 -1 -1 -1 8 banana
91 1 347 700 285 282 -1 -1 -1 -1 1 Orange
91 2 401 0 303 261 -1 -1 -1 -1 2 apple
91 3 470 360 261 280 -1 -1 -1 -1 3 Orange
91 4 190 215 284 293 -1 -1 -1 -1 4 apple
91 5 639 810 440 402 -1 -1 -1 -1 5 banana
91 6 745 94 315 558 -1 -1 -1 -1 6 banana
91 7 61 873 278 259 -1 -1 -1 -1 7 apple
91 8 831 495 248 275 -1 -1 -1 -1 8 banana
92 1 345 698 287 284 -1 -1 -1 -1 1 Orange
92 2 399 1 306 253 -1 -1 -1 -1 2 apple
92 3 470 356 264 279 -1 -1 -1 -1 3 Orange
92 4 189 207 281 297 -1 -1 -1 -1 4 apple
92 5 645 805 432 407 -1 -1 -1 -1 5 banana
92 6 748 86 310 566 -1 -1 -1 -1 6 banana
92 7 53 871 283 264 -1 -1 -1 -1 7 apple
92 8 837 489 241 280 -1 -1 -1 -1 8 banana
93 1 343 697 290 285 -1 -1 -1 -1 1 Orange
93 2 401 1 302 248 -1 -1 -1 -1 2 apple
93 3 472 353 263 281 -1 -1 -1 -1 3 Orange
93 4 181 202 292 299 -1 -1 -1 -1 4 apple
93 5 647 800 431 414 -1 -1 -1 -1 5 banana
93 6 751 80 310 570 -1 -1 -1 -1 6 banana
93 7 48 871 284 267 -1 -1 -1 -1 7 apple
93 8 833 502 246 269 -1 -1 -1 -1 8 banana
94 1 342 696 291 286 -1 -1 -1 -1 1 Orange
94 2 399 0 307 241 -1 -1 -1 -1 2 apple
94 3 473 349 262 284 -1 -1 -1 -1 3 Orange
94 4 181 199 289 298 -1 -1 -1 -1 4 apple
94 5 645 800 434 414 -1 -1 -1 -1 5 banana
94 6 756 76 300 577 -1 -1 -1 -1 6 banana
94 7 46 870 286 270 -1 -1 -1 -1 7 apple
94 8 835 504 244 265 -1 -1 -1 -1 8 banana
95 1 342 695 290 287 -1 -1 -1 -1 1 Orange
95 2 400 0 308 239 -1 -1 -1 -1 2 apple
95 3 472 346 265 284 -1 -1 -1 -1 3 Orange
95 4 182 194 282 303 -1 -1 -1 -1 4 apple
95 5 645 801 434 417 -1 -1 -1 -1 5 banana
95 6 752 68 311 580 -1 -1 -1 -1 6 banana
95 7 45 869 286 274 -1 -1 -1 -1 7 apple
95 8 841 493 236 277 -1 -1 -1 -1 8 banana
96 1 341 692 289 291 -1 -1 -1 -1 1 Orange
96 2 401 0 308 232 -1 -1 -1 -1 2 apple
96 3 471 339 268 286 -1 -1 -1 -1 3 Orange
96 4 179 189 286 305 -1 -1 -1 -1 4 apple
96 5 650 801 428 421 -1 -1 -1 -1 5 banana
96 6 769 60 288 589 -1 -1 -1 -1 6 banana
96 7 46 869 276 272 -1 -1 -1 -1 7 apple
96 8 833 508 246 253 -1 -1 -1 -1 8 banana
97 1 339 691 292 292 -1 -1 -1 -1 1 Orange
97 2 400 0 311 225 -1 -1 -1 -1 2 apple
97 3 472 336 270 284 -1 -1 -1 -1 3 Orange
97 4 176 181 285 313 -1 -1 -1 -1 4 apple
97 5 652 806 427 417 -1 -1 -1 -1 5 banana
97 6 771 54 286 597 -1 -1 -1 -1 6 banana
97 7 43 869 277 272 -1 -1 -1 -1 7 apple
97 8 840 515 239 244 -1 -1 -1 -1 8 banana
98 1 338 689 293 294 -1 -1 -1 -1 1 Orange
98 2 401 0 310 217 -1 -1 -1 -1 2 apple
98 3 471 333 271 282 -1 -1 -1 -1 3 Orange
98 4 173 177 287 313 -1 -1 -1 -1 4 apple
98 5 652 806 427 418 -1 -1 -1 -1 5 banana
98 6 766 49 300 606 -1 -1 -1 -1 6 banana
98 7 42 869 274 272 -1 -1 -1 -1 7 apple
98 8 842 515 237 243 -1 -1 -1 -1 8 banana
99 1 336 688 297 294 -1 -1 -1 -1 1 Orange
99 2 398 0 319 212 -1 -1 -1 -1 2 apple
99 3 472 330 271 283 -1 -1 -1 -1 3 Orange
99 4 170 172 290 314 -1 -1 -1 -1 4 apple
99 5 653 808 426 417 -1 -1 -1 -1 5 banana
99 6 769 50 297 608 -1 -1 -1 -1 6 banana
99 7 37 868 283 274 -1 -1 -1 -1 7 apple
99 8 841 515 238 243 -1 -1 -1 -1 8 banana
100 1 336 687 301 297 -1 -1 -1 -1 1 Orange
100 2 398 0 321 210 -1 -1 -1 -1 2 apple
100 3 475 326 267 284 -1 -1 -1 -1 3 Orange
100 4 169 167 291 314 -1 -1 -1 -1 4 apple
100 5 654 804 425 422 -1 -1 -1 -1 5 banana
100 6 775 63 287 593 -1 -1 -1 -1 6 banana
100 7 37 867 283 279 -1 -1 -1 -1 7 apple
100 8 844 515 235 240 -1 -1 -1 -1 8 banana
101 1 336 684 303 300 -1 -1 -1 -1 1 Orange
101 2 394 0 329 201 -1 -1 -1 -1 2 apple
101 3 473 321 273 285 -1 -1 -1 -1 3 Orange
101 4 170 159 293 320 -1 -1 -1 -1 4 apple
101 5 655 805 424 422 -1 -1 -1 -1 5 banana
101 6 774 41 293 603 -1 -1 -1 -1 6 banana
101 7 35 865 280 284 -1 -1 -1 -1 7 apple
101 8 846 518 233 228 -1 -1 -1 -1 8 banana
102 1 336 683 301 303 -1 -1 -1 -1 1 Orange
102 2 393 0 329 195 -1 -1 -1 -1 2 apple
102 3 472 319 275 286 -1 -1 -1 -1 3 Orange
102 4 168 152 296 326 -1 -1 -1 -1 4 apple
102 5 655 816 424 412 -1 -1 -1 -1 5 banana
102 6 781 24 286 607 -1 -1 -1 -1 6 banana
102 7 32 865 281 289 -1 -1 -1 -1 7 apple
102 8 854 520 224 230 -1 -1 -1 -1 8 banana
103 1 335 683 302 303 -1 -1 -1 -1 1 Orange
103 2 392 0 329 189 -1 -1 -1 -1 2 apple
103 3 475 315 273 288 -1 -1 -1 -1 3 Orange
103 4 167 147 295 328 -1 -1 -1 -1 4 apple
103 5 660 819 419 410 -1 -1 -1 -1 5 banana
103 6 773 29 302 593 -1 -1 -1 -1 6 banana
103 7 29 865 283 291 -1 -1 -1 -1 7 apple
103 8 851 522 228 229 -1 -1 -1 -1 8 banana
104 1 335 680 303 306 -1 -1 -1 -1 1 Orange
104 2 390 0 333 189 -1 -1 -1 -1 2 apple
104 3 476 312 272 290 -1 -1 -1 -1 3 Orange
104 4 164 141 298 333 -1 -1 -1 -1 4 apple
104 5 658 826 421 408 -1 -1 -1 -1 5 banana
104 6 773 23 300 604 -1 -1 -1 -1 6 banana
104 7 25 865 288 289 -1 -1 -1 -1 7 apple
104 8 847 533 232 214 -1 -1 -1 -1 8 banana
105 1 334 678 304 307 -1 -1 -1 -1 1 Orange
105 2 390 0 335 189 -1 -1 -1 -1 2 apple
105 3 475 309 276 291 -1 -1 -1 -1 3 Orange
105 4 162 134 299 337 -1 -1 -1 -1 4 apple
105 5 660 825 419 408 -1 -1 -1 -1 5 banana
105 6 774 42 299 585 -1 -1 -1 -1 6 banana
105 7 22 865 290 290 -1 -1 -1 -1 7 apple
105 8 858 524 218 223 -1 -1 -1 -1 8 banana
106 1 332 676 307 310 -1 -1 -1 -1 1 Orange
106 2 391 0 332 181 -1 -1 -1 -1 2 apple
106 3 473 304 281 291 -1 -1 -1 -1 3 Orange
106 4 156 128 307 338 -1 -1 -1 -1 4 apple
106 5 652 841 427 395 -1 -1 -1 -1 5 banana
106 6 784 56 290 553 -1 -1 -1 -1 6 banana
106 7 17 861 294 291 -1 -1 -1 -1 7 apple
106 8 855 529 224 215 -1 -1 -1 -1 8 banana
107 1 332 675 308 310 -1 -1 -1 -1 1 Orange
107 2 394 0 330 175 -1 -1 -1 -1 2 apple
107 3 474 299 280 296 -1 -1 -1 -1 3 Orange
107 4 153 123 310 337 -1 -1 -1 -1 4 apple
107 5 651 863 428 374 -1 -1 -1 -1 5 banana
107 6 787 61 285 539 -1 -1 -1 -1 6 banana
107 7 18 862 292 298 -1 -1 -1 -1 7 apple
107 8 858 529 221 212 -1 -1 -1 -1 8 banana
108 1 331 674 308 310 -1 -1 -1 -1 1 Orange
108 2 391 0 340 166 -1 -1 -1 -1 2 apple
108 3 473 293 282 302 -1 -1 -1 -1 3 Orange
108 4 149 120 314 335 -1 -1 -1 -1 4 apple
108 5 652 875 423 363 -1 -1 -1 -1 5 banana
108 6 786 56 283 542 -1 -1 -1 -1 6 banana
108 7 16 862 293 304 -1 -1 -1 -1 7 apple
108 8 852 545 227 194 -1 -1 -1 -1 8 banana
109 1 330 673 308 313 -1 -1 -1 -1 1 Orange
109 2 395 0 335 162 -1 -1 -1 -1 2 apple
109 3 471 289 283 304 -1 -1 -1 -1 3 Orange
109 4 145 116 317 334 -1 -1 -1 -1 4 apple
109 5 660 869 410 374 -1 -1 -1 -1 5 banana
109 6 782 78 291 508 -1 -1 -1 -1 6 banana
109 7 10 862 300 304 -1 -1 -1 -1 7 apple
109 8 857 549 222 194 -1 -1 -1 -1 8 banana
110 1 328 670 310 315 -1 -1 -1 -1 1 Orange
110 2 388 2 348 155 -1 -1 -1 -1 2 apple
110 3 464 284 297 307 -1 -1 -1 -1 3 Orange
110 4 143 113 318 331 -1 -1 -1 -1 4 apple
110 5 659 866 415 378 -1 -1 -1 -1 5 banana
110 6 791 58 277 528 -1 -1 -1 -1 6 banana
110 7 8 861 299 303 -1 -1 -1 -1 7 apple
110 8 860 550 219 191 -1 -1 -1 -1 8 banana
111 1 327 667 309 317 -1 -1 -1 -1 1 Orange
111 2 387 2 350 146 -1 -1 -1 -1 2 apple
111 3 467 278 297 306 -1 -1 -1 -1 3 Orange
111 4 143 107 313 329 -1 -1 -1 -1 4 apple
111 5 662 862 412 388 -1 -1 -1 -1 5 banana
111 6 797 50 273 535 -1 -1 -1 -1 6 banana
111 7 7 858 296 310 -1 -1 -1 -1 7 apple
111 8 866 550 212 189 -1 -1 -1 -1 8 banana
112 1 327 663 309 320 -1 -1 -1 -1 1 Orange
112 2 389 2 346 140 -1 -1 -1 -1 2 apple
112 3 469 275 296 307 -1 -1 -1 -1 3 Orange
112 4 143 104 312 328 -1 -1 -1 -1 4 apple
112 5 659 865 419 387 -1 -1 -1 -1 5 banana
112 6 797 49 273 536 -1 -1 -1 -1 6 banana
112 7 4 858 299 312 -1 -1 -1 -1 7 apple
112 8 867 552 212 186 -1 -1 -1 -1 8 banana
113 1 327 660 310 324 -1 -1 -1 -1 1 Orange
113 2 387 2 349 135 -1 -1 -1 -1 2 apple
113 3 471 269 293 308 -1 -1 -1 -1 3 Orange
113 4 136 96 321 336 -1 -1 -1 -1 4 apple
113 5 659 870 420 384 -1 -1 -1 -1 5 banana
113 6 809 16 263 571 -1 -1 -1 -1 6 banana
113 7 11 858 282 323 -1 -1 -1 -1 7 apple
113 8 871 548 206 191 -1 -1 -1 -1 8 banana
114 1 324 662 314 322 -1 -1 -1 -1 1 Orange
114 2 388 1 349 132 -1 -1 -1 -1 2 apple
114 3 471 264 293 311 -1 -1 -1 -1 3 Orange
114 4 137 89 315 341 -1 -1 -1 -1 4 apple
114 5 658 871 421 385 -1 -1 -1 -1 5 banana
114 6 806 3 270 588 -1 -1 -1 -1 6 banana
114 7 3 858 296 321 -1 -1 -1 -1 7 apple
114 8 873 544 205 194 -1 -1 -1 -1 8 banana
115 1 324 656 312 328 -1 -1 -1 -1 1 Orange
115 2 390 1 349 124 -1 -1 -1 -1 2 apple
115 3 471 260 295 315 -1 -1 -1 -1 3 Orange
115 4 129 82 322 345 -1 -1 -1 -1 4 apple
115 5 656 872 421 385 -1 -1 -1 -1 5 banana
115 6 811 0 266 590 -1 -1 -1 -1 6 banana
115 7 2 857 296 319 -1 -1 -1 -1 7 apple
115 8 877 536 200 201 -1 -1 -1 -1 8 banana
116 1 321 652 321 332 -1 -1 -1 -1 1 Orange
116 2 388 1 353 116 -1 -1 -1 -1 2 apple
116 3 472 252 295 321 -1 -1 -1 -1 3 Orange
116 4 122 75 333 343 -1 -1 -1 -1 4 apple
116 5 653 880 426 377 -1 -1 -1 -1 5 banana
116 6 813 0 265 584 -1 -1 -1 -1 6 banana
116 7 4 855 291 324 -1 -1 -1 -1 7 apple
116 8 875 542 204 188 -1 -1 -1 -1 8 banana
117 1 319 652 324 333 -1 -1 -1 -1 1 Orange
117 2 388 1 353 110 -1 -1 -1 -1 2 apple
117 3 470 246 300 325 -1 -1 -1 -1 3 Orange
117 4 119 71 335 342 -1 -1 -1 -1 4 apple
117 5 654 881 425 377 -1 -1 -1 -1 5 banana
117 6 813 0 266 579 -1 -1 -1 -1 6 banana
117 7 3 852 292 329 -1 -1 -1 -1 7 apple
117 8 882 534 195 197 -1 -1 -1 -1 8 banana
118 1 318 650 325 335 -1 -1 -1 -1 1 Orange
118 2 387 0 352 105 -1 -1 -1 -1 2 apple
118 3 471 242 301 326 -1 -1 -1 -1 3 Orange
118 4 114 65 342 343 -1 -1 -1 -1 4 apple
118 5 656 880 423 378 -1 -1 -1 -1 5 banana
118 6 820 0 254 577 -1 -1 -1 -1 6 banana
118 7 1 852 289 333 -1 -1 -1 -1 7 apple
118 8 885 525 193 200 -1 -1 -1 -1 8 banana
119 1 314 641 330 342 -1 -1 -1 -1 1 Orange
119 2 387 0 362 90 -1 -1 -1 -1 2 apple
119 3 463 225 313 336 -1 -1 -1 -1 3 Orange
119 4 109 39 343 365 -1 -1 -1 -1 4 apple
119 5 661 891 418 367 -1 -1 -1 -1 5 banana
119 6 823 0 250 569 -1 -1 -1 -1 6 banana
119 7 2 847 279 345 -1 -1 -1 -1 7 apple
119 8 893 513 183 208 -1 -1 -1 -1 8 banana
120 1 312 638 333 344 -1 -1 -1 -1 1 Orange
120 2 397 0 346 86 -1 -1 -1 -1 2 apple
120 3 461 219 315 339 -1 -1 -1 -1 3 Orange
120 4 104 29 350 372 -1 -1 -1 -1 4 apple
120 5 663 898 416 359 -1 -1 -1 -1 5 banana
120 6 826 0 248 566 -1 -1 -1 -1 6 banana
120 7 0 846 282 350 -1 -1 -1 -1 7 apple
120 8 894 508 185 210 -1 -1 -1 -1 8 banana
121 1 309 638 337 342 -1 -1 -1 -1 1 Orange
121 2 400 0 341 85 -1 -1 -1 -1 2 apple
121 3 461 219 315 338 -1 -1 -1 -1 3 Orange
121 4 102 30 349 373 -1 -1 -1 -1 4 apple
121 5 668 896 410 361 -1 -1 -1 -1 5 banana
121 6 821 0 255 562 -1 -1 -1 -1 6 banana
121 7 1 845 279 363 -1 -1 -1 -1 7 apple
121 8 893 507 186 210 -1 -1 -1 -1 8 banana
122 1 310 638 335 342 -1 -1 -1 -1 1 Orange
122 2 400 0 343 85 -1 -1 -1 -1 2 apple
122 3 461 220 314 335 -1 -1 -1 -1 3 Orange
122 4 101 27 352 372 -1 -1 -1 -1 4 apple
122 5 671 891 406 366 -1 -1 -1 -1 5 banana
122 6 824 4 251 561 -1 -1 -1 -1 6 banana
122 7 0 843 278 369 -1 -1 -1 -1 7 apple
122 8 891 508 188 207 -1 -1 -1 -1 8 banana
123 1 311 638 333 342 -1 -1 -1 -1 1 Orange
123 2 402 0 337 86 -1 -1 -1 -1 2 apple
123 3 461 220 314 335 -1 -1 -1 -1 3 Orange
123 4 101 27 352 371 -1 -1 -1 -1 4 apple
123 5 671 889 408 367 -1 -1 -1 -1 5 banana
123 6 825 8 248 559 -1 -1 -1 -1 6 banana
123 7 0 846 281 356 -1 -1 -1 -1 7 apple
123 8 894 508 185 207 -1 -1 -1 -1 8 banana
124 1 311 638 332 344 -1 -1 -1 -1 1 Orange
124 2 400 0 345 86 -1 -1 -1 -1 2 apple
124 3 462 219 313 337 -1 -1 -1 -1 3 Orange
124 4 101 27 352 371 -1 -1 -1 -1 4 apple
124 5 670 889 409 367 -1 -1 -1 -1 5 banana
124 6 825 11 249 554 -1 -1 -1 -1 6 banana
124 7 0 846 280 353 -1 -1 -1 -1 7 apple
124 8 893 510 186 207 -1 -1 -1 -1 8 banana
125 1 310 637 333 346 -1 -1 -1 -1 1 Orange
125 2 401 0 343 87 -1 -1 -1 -1 2 apple
125 3 464 221 313 335 -1 -1 -1 -1 3 Orange
125 4 100 27 352 372 -1 -1 -1 -1 4 apple
125 5 670 893 409 363 -1 -1 -1 -1 5 banana
125 6 825 7 248 558 -1 -1 -1 -1 6 banana
125 7 0 846 281 355 -1 -1 -1 -1 7 apple
125 8 892 509 187 209 -1 -1 -1 -1 8 banana
126 1 309 637 334 346 -1 -1 -1 -1 1 Orange
126 2 402 0 341 87 -1 -1 -1 -1 2 apple
126 3 463 219 313 337 -1 -1 -1 -1 3 Orange
126 4 100 27 353 372 -1 -1 -1 -1 4 apple
126 5 669 894 410 362 -1 -1 -1 -1 5 banana
126 6 828 8 244 558 -1 -1 -1 -1 6 banana
126 7 0 847 282 356 -1 -1 -1 -1 7 apple
126 8 892 507 187 211 -1 -1 -1 -1 8 banana
127 1 310 638 332 345 -1 -1 -1 -1 1 Orange
127 2 400 0 345 87 -1 -1 -1 -1 2 apple
127 3 465 221 312 335 -1 -1 -1 -1 3 Orange
127 4 101 27 351 372 -1 -1 -1 -1 4 apple
127 5 670 894 409 362 -1 -1 -1 -1 5 banana
127 6 824 13 250 554 -1 -1 -1 -1 6 banana
127 7 0 847 281 357 -1 -1 -1 -1 7 apple
127 8 892 507 187 210 -1 -1 -1 -1 8 banana
128 1 311 638 331 346 -1 -1 -1 -1 1 Orange
128 2 402 0 343 88 -1 -1 -1 -1 2 apple
128 3 464 220 311 336 -1 -1 -1 -1 3 Orange
128 4 101 27 352 372 -1 -1 -1 -1 4 apple
128 5 668 896 411 361 -1 -1 -1 -1 5 banana
128 6 827 13 246 555 -1 -1 -1 -1 6 banana
128 7 0 850 281 353 -1 -1 -1 -1 7 apple
128 8 893 506 186 212 -1 -1 -1 -1 8 banana
129 1 310 638 333 346 -1 -1 -1 -1 1 Orange
129 2 404 0 338 88 -1 -1 -1 -1 2 apple
129 3 464 221 313 335 -1 -1 -1 -1 3 Orange
129 4 102 27 351 373 -1 -1 -1 -1 4 apple
129 5 667 896 412 362 -1 -1 -1 -1 5 banana
129 6 825 14 249 554 -1 -1 -1 -1 6 banana
129 7 0 849 280 354 -1 -1 -1 -1 7 apple
129 8 893 506 186 211 -1 -1 -1 -1 8 banana
130 1 310 638 333 346 -1 -1 -1 -1 1 Orange
130 2 401 0 344 89 -1 -1 -1 -1 2 apple
130 3 464 223 313 332 -1 -1 -1 -1 3 Orange
130 4 102 27 351 372 -1 -1 -1 -1 4 apple
130 5 668 892 410 367 -1 -1 -1 -1 5 banana
130 6 821 15 253 551 -1 -1 -1 -1 6 banana
130 7 0 849 282 350 -1 -1 -1 -1 7 apple
130 8 893 505 186 213 -1 -1 -1 -1 8 banana
131 1 310 637 335 345 -1 -1 -1 -1 1 Orange
131 2 402 0 342 89 -1 -1 -1 -1 2 apple
131 3 466 223 310 333 -1 -1 -1 -1 3 Orange
131 4 102 27 352 372 -1 -1 -1 -1 4 apple
131 5 667 889 412 370 -1 -1 -1 -1 5 banana
131 6 823 14 251 551 -1 -1 -1 -1 6 banana
131 7 0 848 280 354 -1 -1 -1 -1 7 apple
131 8 893 504 186 214 -1 -1 -1 -1 8 banana
132 1 310 637 333 346 -1 -1 -1 -1 1 Orange
132 2 400 0 347 89 -1 -1 -1 -1 2 apple
132 3 466 222 311 335 -1 -1 -1 -1 3 Orange
132 4 103 27 350 372 -1 -1 -1 -1 4 apple
132 5 666 888 413 371 -1 -1 -1 -1 5 banana
132 6 823 19 250 547 -1 -1 -1 -1 6 banana
132 7 0 847 282 356 -1 -1 -1 -1 7 apple
132 8 892 503 187 213 -1 -1 -1 -1 8 banana
133 1 310 637 332 347 -1 -1 -1 -1 1 Orange
133 2 401 0 348 90 -1 -1 -1 -1 2 apple
133 3 466 222 311 335 -1 -1 -1 -1 3 Orange
133 4 101 27 352 372 -1 -1 -1 -1 4 apple
133 5 663 892 416 366 -1 -1 -1 -1 5 banana
133 6 824 18 250 548 -1 -1 -1 -1 6 banana
133 7 0 845 282 361 -1 -1 -1 -1 7 apple
133 8 893 502 186 215 -1 -1 -1 -1 8 banana
134 1 310 638 335 344 -1 -1 -1 -1 1 Orange
134 2 403 0 342 89 -1 -1 -1 -1 2 apple
134 3 466 222 312 333 -1 -1 -1 -1 3 Orange
134 4 105 26 345 372 -1 -1 -1 -1 4 apple
134 5 662 893 417 364 -1 -1 -1 -1 5 banana
134 6 824 21 252 544 -1 -1 -1 -1 6 banana
134 7 0 844 282 361 -1 -1 -1 -1 7 apple
134 8 893 501 186 217 -1 -1 -1 -1 8 banana
135 1 311 638 334 343 -1 -1 -1 -1 1 Orange
135 2 400 0 350 89 -1 -1 -1 -1 2 apple
135 3 466 223 311 333 -1 -1 -1 -1 3 Orange
135 4 102 26 350 371 -1 -1 -1 -1 4 apple
135 5 662 891 417 366 -1 -1 -1 -1 5 banana
135 6 827 23 247 544 -1 -1 -1 -1 6 banana
135 7 0 843 283 366 -1 -1 -1 -1 7 apple
135 8 893 502 186 218 -1 -1 -1 -1 8 banana
136 1 311 639 331 344 -1 -1 -1 -1 1 Orange
136 2 402 0 348 89 -1 -1 -1 -1 2 apple
136 3 467 223 309 334 -1 -1 -1 -1 3 Orange
136 4 102 27 350 370 -1 -1 -1 -1 4 apple
136 5 665 891 414 366 -1 -1 -1 -1 5 banana
136 6 825 15 250 551 -1 -1 -1 -1 6 banana
136 7 0 846 285 368 -1 -1 -1 -1 7 apple
136 8 891 503 188 217 -1 -1 -1 -1 8 banana
137 1 311 638 330 345 -1 -1 -1 -1 1 Orange
137 2 404 0 345 90 -1 -1 -1 -1 2 apple
137 3 465 223 312 333 -1 -1 -1 -1 3 Orange
137 4 102 28 351 370 -1 -1 -1 -1 4 apple
137 5 665 894 414 363 -1 -1 -1 -1 5 banana
137 6 826 17 246 550 -1 -1 -1 -1 6 banana
137 7 0 848 287 362 -1 -1 -1 -1 7 apple
137 8 892 504 187 216 -1 -1 -1 -1 8 banana
138 1 311 639 333 342 -1 -1 -1 -1 1 Orange
138 2 399 0 354 94 -1 -1 -1 -1 2 apple
138 3 468 222 308 335 -1 -1 -1 -1 3 Orange
138 4 103 27 349 371 -1 -1 -1 -1 4 apple
138 5 666 894 413 363 -1 -1 -1 -1 5 banana
138 6 825 12 250 554 -1 -1 -1 -1 6 banana
138 7 0 847 284 361 -1 -1 -1 -1 7 apple
138 8 891 506 188 212 -1 -1 -1 -1 8 banana
139 1 312 639 330 343 -1 -1 -1 -1 1 Orange
139 2 400 0 353 95 -1 -1 -1 -1 2 apple
139 3 465 222 310 335 -1 -1 -1 -1 3 Orange
139 4 104 28 349 370 -1 -1 -1 -1 4 apple
139 5 669 892 410 364 -1 -1 -1 -1 5 banana
139 6 828 12 247 556 -1 -1 -1 -1 6 banana
139 7 0 849 283 361 -1 -1 -1 -1 7 apple
139 8 893 506 186 213 -1 -1 -1 -1 8 banana
140 1 311 639 334 341 -1 -1 -1 -1 1 Orange
140 2 403 0 346 92 -1 -1 -1 -1 2 apple
140 3 464 221 311 336 -1 -1 -1 -1 3 Orange
140 4 104 28 348 370 -1 -1 -1 -1 4 apple
140 5 668 892 411 363 -1 -1 -1 -1 5 banana
140 6 829 14 246 554 -1 -1 -1 -1 6 banana
140 7 0 849 282 354 -1 -1 -1 -1 7 apple
140 8 893 505 186 214 -1 -1 -1 -1 8 banana
