3 1 349 710 274 272 -1 -1 -1 -1 1 Orange
3 2 410 0 278 293 -1 -1 -1 -1 2 apple
3 3 470 387 248 259 -1 -1 -1 -1 3 Orange
3 4 198 248 272 281 -1 -1 -1 -1 4 apple
3 5 619 813 451 391 -1 -1 -1 -1 5 banana
3 6 718 135 316 537 -1 -1 -1 -1 6 banana
3 7 81 877 256 254 -1 -1 -1 -1 7 apple
3 8 808 522 271 265 -1 -1 -1 -1 8 banana
4 1 349 710 275 273 -1 -1 -1 -1 1 Orange
4 2 411 0 276 292 -1 -1 -1 -1 2 apple
4 3 471 387 247 259 -1 -1 -1 -1 3 Orange
4 4 200 249 269 281 -1 -1 -1 -1 4 apple
4 5 619 813 451 390 -1 -1 -1 -1 5 banana
4 6 717 135 319 539 -1 -1 -1 -1 6 banana
4 7 84 878 250 249 -1 -1 -1 -1 7 apple
4 8 810 521 269 265 -1 -1 -1 -1 8 banana
5 1 349 709 276 273 -1 -1 -1 -1 1 Orange
5 2 411 0 276 294 -1 -1 -1 -1 2 apple
5 3 471 387 247 259 -1 -1 -1 -1 3 Orange
5 4 198 249 271 284 -1 -1 -1 -1 4 apple
5 5 620 816 448 386 -1 -1 -1 -1 5 banana
5 6 716 135 322 537 -1 -1 -1 -1 6 banana
5 7 82 878 253 249 -1 -1 -1 -1 7 apple
5 8 807 520 272 267 -1 -1 -1 -1 8 banana
6 1 349 709 276 273 -1 -1 -1 -1 1 Orange
6 2 411 0 276 295 -1 -1 -1 -1 2 apple
6 3 470 387 248 259 -1 -1 -1 -1 3 Orange
6 4 200 248 269 283 -1 -1 -1 -1 4 apple
6 5 622 814 445 387 -1 -1 -1 -1 5 banana
6 6 717 134 319 538 -1 -1 -1 -1 6 banana
6 7 81 879 255 250 -1 -1 -1 -1 7 apple
6 8 809 519 270 266 -1 -1 -1 -1 8 banana
7 1 349 709 276 273 -1 -1 -1 -1 1 Orange
7 2 411 0 277 296 -1 -1 -1 -1 2 apple
7 3 470 387 248 258 -1 -1 -1 -1 3 Orange
7 4 198 249 271 285 -1 -1 -1 -1 4 apple
7 5 622 814 446 389 -1 -1 -1 -1 5 banana
7 6 718 132 318 541 -1 -1 -1 -1 6 banana
7 7 81 879 256 251 -1 -1 -1 -1 7 apple
7 8 807 524 272 261 -1 -1 -1 -1 8 banana
8 1 350 709 275 274 -1 -1 -1 -1 1 Orange
8 2 411 0 277 297 -1 -1 -1 -1 2 apple
8 3 470 387 248 260 -1 -1 -1 -1 3 Orange
8 4 198 248 272 285 -1 -1 -1 -1 4 apple
8 5 622 812 449 391 -1 -1 -1 -1 5 banana
8 6 718 133 318 542 -1 -1 -1 -1 6 banana
8 7 79 878 258 253 -1 -1 -1 -1 7 apple
8 8 808 520 270 264 -1 -1 -1 -1 8 banana
9 1 350 709 276 274 -1 -1 -1 -1 1 Orange
9 2 410 0 279 298 -1 -1 -1 -1 2 apple
9 3 470 387 248 260 -1 -1 -1 -1 3 Orange
9 4 199 248 271 284 -1 -1 -1 -1 4 apple
9 5 622 812 449 391 -1 -1 -1 -1 5 banana
9 6 716 133 320 542 -1 -1 -1 -1 6 banana
9 7 79 878 259 253 -1 -1 -1 -1 7 apple
9 8 807 517 272 267 -1 -1 -1 -1 8 banana
10 1 349 709 277 273 -1 -1 -1 -1 1 Orange
10 2 409 0 280 296 -1 -1 -1 -1 2 apple
10 3 470 387 248 260 -1 -1 -1 -1 3 Orange
10 4 198 248 274 284 -1 -1 -1 -1 4 apple
10 5 623 812 449 390 -1 -1 -1 -1 5 banana
10 6 713 141 329 531 -1 -1 -1 -1 6 banana
10 7 85 878 249 253 -1 -1 -1 -1 7 apple
10 8 807 511 271 270 -1 -1 -1 -1 8 banana
11 1 350 709 276 274 -1 -1 -1 -1 1 Orange
11 2 409 0 281 296 -1 -1 -1 -1 2 apple
11 3 469 387 250 261 -1 -1 -1 -1 3 Orange
11 4 199 248 272 284 -1 -1 -1 -1 4 apple
11 5 624 812 448 391 -1 -1 -1 -1 5 banana
11 6 720 136 315 537 -1 -1 -1 -1 6 banana
11 7 86 878 248 253 -1 -1 -1 -1 7 apple
11 8 805 508 274 273 -1 -1 -1 -1 8 banana
12 1 350 709 276 274 -1 -1 -1 -1 1 Orange
12 2 409 0 281 296 -1 -1 -1 -1 2 apple
12 3 470 387 249 261 -1 -1 -1 -1 3 Orange
12 4 199 248 272 284 -1 -1 -1 -1 4 apple
12 5 622 813 450 390 -1 -1 -1 -1 5 banana
12 6 722 134 315 539 -1 -1 -1 -1 6 banana
12 7 83 877 255 254 -1 -1 -1 -1 7 apple
12 8 800 523 279 262 -1 -1 -1 -1 8 banana
13 1 349 709 278 274 -1 -1 -1 -1 1 Orange
13 2 410 0 279 296 -1 -1 -1 -1 2 apple
13 3 470 387 249 261 -1 -1 -1 -1 3 Orange
13 4 200 248 271 284 -1 -1 -1 -1 4 apple
13 5 620 814 451 389 -1 -1 -1 -1 5 banana
13 6 722 134 316 541 -1 -1 -1 -1 6 banana
13 7 86 877 248 253 -1 -1 -1 -1 7 apple
13 8 805 528 274 259 -1 -1 -1 -1 8 banana
14 1 350 709 276 274 -1 -1 -1 -1 1 Orange
14 2 410 0 280 296 -1 -1 -1 -1 2 apple
14 3 470 387 249 261 -1 -1 -1 -1 3 Orange
14 4 201 247 270 285 -1 -1 -1 -1 4 apple
14 5 621 814 450 389 -1 -1 -1 -1 5 banana
14 6 722 134 315 541 -1 -1 -1 -1 6 banana
14 7 87 877 246 250 -1 -1 -1 -1 7 apple
14 8 806 523 272 262 -1 -1 -1 -1 8 banana
15 1 350 709 277 273 -1 -1 -1 -1 1 Orange
15 2 410 0 279 297 -1 -1 -1 -1 2 apple
15 3 471 387 247 261 -1 -1 -1 -1 3 Orange
15 4 201 247 270 285 -1 -1 -1 -1 4 apple
15 5 621 817 450 386 -1 -1 -1 -1 5 banana
15 6 723 134 314 543 -1 -1 -1 -1 6 banana
15 7 86 877 248 248 -1 -1 -1 -1 7 apple
15 8 805 528 274 256 -1 -1 -1 -1 8 banana
16 1 350 709 277 273 -1 -1 -1 -1 1 Orange
16 2 410 0 280 297 -1 -1 -1 -1 2 apple
16 3 471 387 247 261 -1 -1 -1 -1 3 Orange
16 4 201 247 271 285 -1 -1 -1 -1 4 apple
16 5 620 818 451 385 -1 -1 -1 -1 5 banana
16 6 720 133 316 545 -1 -1 -1 -1 6 banana
16 7 87 877 247 249 -1 -1 -1 -1 7 apple
16 8 808 529 271 255 -1 -1 -1 -1 8 banana
17 1 350 709 277 273 -1 -1 -1 -1 1 Orange
17 2 411 0 278 297 -1 -1 -1 -1 2 apple
17 3 471 387 248 262 -1 -1 -1 -1 3 Orange
17 4 200 246 271 286 -1 -1 -1 -1 4 apple
17 5 620 819 450 383 -1 -1 -1 -1 5 banana
17 6 714 140 331 534 -1 -1 -1 -1 6 banana
17 7 87 878 247 248 -1 -1 -1 -1 7 apple
17 8 808 530 271 254 -1 -1 -1 -1 8 banana
18 1 350 708 277 274 -1 -1 -1 -1 1 Orange
18 2 411 0 279 297 -1 -1 -1 -1 2 apple
18 3 471 387 248 261 -1 -1 -1 -1 3 Orange
18 4 199 247 272 285 -1 -1 -1 -1 4 apple
18 5 625 818 443 385 -1 -1 -1 -1 5 banana
18 6 717 145 327 531 -1 -1 -1 -1 6 banana
18 7 88 879 246 244 -1 -1 -1 -1 7 apple
18 8 808 526 271 256 -1 -1 -1 -1 8 banana
19 1 350 709 278 273 -1 -1 -1 -1 1 Orange
19 2 411 0 279 297 -1 -1 -1 -1 2 apple
19 3 472 387 246 261 -1 -1 -1 -1 3 Orange
19 4 199 247 272 284 -1 -1 -1 -1 4 apple
19 5 623 820 446 383 -1 -1 -1 -1 5 banana
19 6 719 150 325 524 -1 -1 -1 -1 6 banana
19 7 88 878 246 247 -1 -1 -1 -1 7 apple
19 8 811 522 267 261 -1 -1 -1 -1 8 banana
20 1 351 709 276 273 -1 -1 -1 -1 1 Orange
20 2 411 0 279 298 -1 -1 -1 -1 2 apple
20 3 471 387 248 261 -1 -1 -1 -1 3 Orange
20 4 200 246 271 285 -1 -1 -1 -1 4 apple
20 5 622 818 448 386 -1 -1 -1 -1 5 banana
20 6 720 152 326 520 -1 -1 -1 -1 6 banana
20 7 88 878 246 249 -1 -1 -1 -1 7 apple
20 8 811 524 268 259 -1 -1 -1 -1 8 banana
21 1 351 709 276 273 -1 -1 -1 -1 1 Orange
21 2 410 0 280 298 -1 -1 -1 -1 2 apple
21 3 471 387 249 262 -1 -1 -1 -1 3 Orange
21 4 201 246 270 284 -1 -1 -1 -1 4 apple
21 5 623 816 448 387 -1 -1 -1 -1 5 banana
21 6 719 153 326 517 -1 -1 -1 -1 6 banana
21 7 87 878 249 247 -1 -1 -1 -1 7 apple
21 8 812 510 265 269 -1 -1 -1 -1 8 banana
22 1 351 708 277 274 -1 -1 -1 -1 1 Orange
22 2 410 0 282 297 -1 -1 -1 -1 2 apple
22 3 471 387 249 261 -1 -1 -1 -1 3 Orange
22 4 202 246 269 283 -1 -1 -1 -1 4 apple
22 5 624 817 447 386 -1 -1 -1 -1 5 banana
22 6 721 152 324 519 -1 -1 -1 -1 6 banana
22 7 88 878 246 249 -1 -1 -1 -1 7 apple
22 8 812 503 266 275 -1 -1 -1 -1 8 banana
23 1 351 709 277 273 -1 -1 -1 -1 1 Orange
23 2 412 0 278 297 -1 -1 -1 -1 2 apple
23 3 471 387 249 261 -1 -1 -1 -1 3 Orange
23 4 201 246 270 283 -1 -1 -1 -1 4 apple
23 5 622 818 450 385 -1 -1 -1 -1 5 banana
23 6 721 153 325 519 -1 -1 -1 -1 6 banana
23 7 89 878 245 250 -1 -1 -1 -1 7 apple
23 8 810 509 269 270 -1 -1 -1 -1 8 banana
24 1 351 709 277 273 -1 -1 -1 -1 1 Orange
24 2 411 0 279 297 -1 -1 -1 -1 2 apple
24 3 472 387 248 261 -1 -1 -1 -1 3 Orange
24 4 202 246 268 283 -1 -1 -1 -1 4 apple
24 5 624 818 447 385 -1 -1 -1 -1 5 banana
24 6 720 150 325 523 -1 -1 -1 -1 6 banana
24 7 87 878 249 248 -1 -1 -1 -1 7 apple
24 8 811 503 268 274 -1 -1 -1 -1 8 banana
25 1 352 709 275 273 -1 -1 -1 -1 1 Orange
25 2 412 0 278 297 -1 -1 -1 -1 2 apple
25 3 472 387 248 261 -1 -1 -1 -1 3 Orange
25 4 202 246 268 283 -1 -1 -1 -1 4 apple
25 5 622 816 447 390 -1 -1 -1 -1 5 banana
25 6 726 141 313 538 -1 -1 -1 -1 6 banana
25 7 87 879 248 245 -1 -1 -1 -1 7 apple
25 8 806 518 273 262 -1 -1 -1 -1 8 banana
26 1 352 709 275 272 -1 -1 -1 -1 1 Orange
26 2 412 0 278 298 -1 -1 -1 -1 2 apple
26 3 471 387 250 261 -1 -1 -1 -1 3 Orange
26 4 201 246 270 283 -1 -1 -1 -1 4 apple
26 5 624 817 447 388 -1 -1 -1 -1 5 banana
26 6 718 145 331 530 -1 -1 -1 -1 6 banana
26 7 86 879 249 245 -1 -1 -1 -1 7 apple
26 8 810 522 269 260 -1 -1 -1 -1 8 banana
27 1 352 709 275 272 -1 -1 -1 -1 1 Orange
27 2 411 0 279 298 -1 -1 -1 -1 2 apple
27 3 472 387 248 260 -1 -1 -1 -1 3 Orange
27 4 202 246 269 284 -1 -1 -1 -1 4 apple
27 5 623 819 448 385 -1 -1 -1 -1 5 banana
27 6 726 138 314 543 -1 -1 -1 -1 6 banana
27 7 86 879 249 246 -1 -1 -1 -1 7 apple
27 8 812 521 267 261 -1 -1 -1 -1 8 banana
28 1 352 709 274 273 -1 -1 -1 -1 1 Orange
28 2 411 0 280 299 -1 -1 -1 -1 2 apple
28 3 472 387 248 261 -1 -1 -1 -1 3 Orange
28 4 201 246 271 284 -1 -1 -1 -1 4 apple
28 5 622 819 449 384 -1 -1 -1 -1 5 banana
28 6 718 144 331 532 -1 -1 -1 -1 6 banana
28 7 84 878 251 248 -1 -1 -1 -1 7 apple
28 8 811 523 268 259 -1 -1 -1 -1 8 banana
29 1 351 709 276 273 -1 -1 -1 -1 1 Orange
29 2 411 0 280 299 -1 -1 -1 -1 2 apple
29 3 472 387 248 261 -1 -1 -1 -1 3 Orange
29 4 202 246 269 284 -1 -1 -1 -1 4 apple
29 5 621 819 451 384 -1 -1 -1 -1 5 banana
29 6 721 146 327 528 -1 -1 -1 -1 6 banana
29 7 86 878 249 250 -1 -1 -1 -1 7 apple
29 8 812 523 267 259 -1 -1 -1 -1 8 banana
30 1 352 709 274 273 -1 -1 -1 -1 1 Orange
30 2 411 0 281 300 -1 -1 -1 -1 2 apple
30 3 472 387 249 261 -1 -1 -1 -1 3 Orange
30 4 201 246 271 283 -1 -1 -1 -1 4 apple
30 5 623 820 448 382 -1 -1 -1 -1 5 banana
30 6 720 151 329 523 -1 -1 -1 -1 6 banana
30 7 86 878 249 250 -1 -1 -1 -1 7 apple
30 8 813 524 266 258 -1 -1 -1 -1 8 banana
31 1 352 708 276 275 -1 -1 -1 -1 1 Orange
31 2 410 0 282 298 -1 -1 -1 -1 2 apple
31 3 472 387 249 261 -1 -1 -1 -1 3 Orange
31 4 203 246 267 283 -1 -1 -1 -1 4 apple
31 5 624 820 445 382 -1 -1 -1 -1 5 banana
31 6 720 154 332 519 -1 -1 -1 -1 6 banana
31 7 84 877 253 251 -1 -1 -1 -1 7 apple
31 8 814 517 264 265 -1 -1 -1 -1 8 banana
32 1 351 708 277 275 -1 -1 -1 -1 1 Orange
32 2 411 0 280 299 -1 -1 -1 -1 2 apple
32 3 472 386 249 262 -1 -1 -1 -1 3 Orange
32 4 204 246 266 283 -1 -1 -1 -1 4 apple
32 5 627 818 442 383 -1 -1 -1 -1 5 banana
32 6 719 154 335 518 -1 -1 -1 -1 6 banana
32 7 81 878 259 250 -1 -1 -1 -1 7 apple
32 8 813 512 266 268 -1 -1 -1 -1 8 banana
33 1 351 708 277 275 -1 -1 -1 -1 1 Orange
33 2 410 0 282 298 -1 -1 -1 -1 2 apple
33 3 472 386 249 262 -1 -1 -1 -1 3 Orange
33 4 203 245 268 284 -1 -1 -1 -1 4 apple
33 5 623 819 449 382 -1 -1 -1 -1 5 banana
33 6 720 155 330 515 -1 -1 -1 -1 6 banana
33 7 86 878 250 250 -1 -1 -1 -1 7 apple
33 8 812 510 267 270 -1 -1 -1 -1 8 banana
34 1 351 708 277 275 -1 -1 -1 -1 1 Orange
34 2 411 0 281 297 -1 -1 -1 -1 2 apple
34 3 472 386 248 262 -1 -1 -1 -1 3 Orange
34 4 202 245 269 283 -1 -1 -1 -1 4 apple
34 5 625 818 447 384 -1 -1 -1 -1 5 banana
34 6 721 153 327 517 -1 -1 -1 -1 6 banana
34 7 85 878 252 250 -1 -1 -1 -1 7 apple
34 8 814 501 264 276 -1 -1 -1 -1 8 banana
35 1 352 708 275 275 -1 -1 -1 -1 1 Orange
35 2 411 0 281 297 -1 -1 -1 -1 2 apple
35 3 471 386 250 262 -1 -1 -1 -1 3 Orange
35 4 202 245 269 283 -1 -1 -1 -1 4 apple
35 5 626 818 445 385 -1 -1 -1 -1 5 banana
35 6 719 153 330 517 -1 -1 -1 -1 6 banana
35 7 86 877 251 250 -1 -1 -1 -1 7 apple
35 8 810 511 269 267 -1 -1 -1 -1 8 banana
36 1 352 708 276 275 -1 -1 -1 -1 1 Orange
36 2 412 0 279 297 -1 -1 -1 -1 2 apple
36 3 471 386 251 262 -1 -1 -1 -1 3 Orange
36 4 202 245 270 283 -1 -1 -1 -1 4 apple
36 5 626 818 446 385 -1 -1 -1 -1 5 banana
36 6 722 147 327 525 -1 -1 -1 -1 6 banana
36 7 85 878 253 248 -1 -1 -1 -1 7 apple
36 8 814 503 264 272 -1 -1 -1 -1 8 banana
37 1 352 708 277 275 -1 -1 -1 -1 1 Orange
37 2 412 0 279 297 -1 -1 -1 -1 2 apple
37 3 471 387 251 261 -1 -1 -1 -1 3 Orange
37 4 202 245 269 283 -1 -1 -1 -1 4 apple
37 5 623 820 449 383 -1 -1 -1 -1 5 banana
37 6 718 148 335 526 -1 -1 -1 -1 6 banana
37 7 88 879 249 246 -1 -1 -1 -1 7 apple
37 8 810 512 269 264 -1 -1 -1 -1 8 banana
38 1 352 708 277 275 -1 -1 -1 -1 1 Orange
38 2 413 0 277 297 -1 -1 -1 -1 2 apple
38 3 471 387 250 261 -1 -1 -1 -1 3 Orange
38 4 202 245 269 284 -1 -1 -1 -1 4 apple
38 5 622 820 450 383 -1 -1 -1 -1 5 banana
38 6 719 150 334 524 -1 -1 -1 -1 6 banana
38 7 88 879 249 247 -1 -1 -1 -1 7 apple
38 8 813 516 266 261 -1 -1 -1 -1 8 banana
39 1 352 708 277 275 -1 -1 -1 -1 1 Orange
39 2 412 0 279 297 -1 -1 -1 -1 2 apple
39 3 471 387 250 261 -1 -1 -1 -1 3 Orange
39 4 202 245 270 284 -1 -1 -1 -1 4 apple
39 5 622 820 450 382 -1 -1 -1 -1 5 banana
39 6 720 150 333 522 -1 -1 -1 -1 6 banana
39 7 87 878 250 248 -1 -1 -1 -1 7 apple
39 8 812 520 267 257 -1 -1 -1 -1 8 banana
40 1 352 708 277 275 -1 -1 -1 -1 1 Orange
40 2 412 0 280 297 -1 -1 -1 -1 2 apple
40 3 471 387 250 262 -1 -1 -1 -1 3 Orange
40 4 203 245 268 284 -1 -1 -1 -1 4 apple
40 5 620 818 451 384 -1 -1 -1 -1 5 banana
40 6 721 154 331 517 -1 -1 -1 -1 6 banana
40 7 87 878 250 248 -1 -1 -1 -1 7 apple
40 8 815 517 263 260 -1 -1 -1 -1 8 banana
41 1 352 708 278 275 -1 -1 -1 -1 1 Orange
41 2 412 0 280 298 -1 -1 -1 -1 2 apple
41 3 471 387 250 261 -1 -1 -1 -1 3 Orange
41 4 203 245 268 284 -1 -1 -1 -1 4 apple
41 5 620 819 451 382 -1 -1 -1 -1 5 banana
41 6 722 154 331 517 -1 -1 -1 -1 6 banana
41 7 88 878 248 249 -1 -1 -1 -1 7 apple
41 8 812 518 267 259 -1 -1 -1 -1 8 banana
42 1 353 708 277 274 -1 -1 -1 -1 1 Orange
42 2 413 0 278 298 -1 -1 -1 -1 2 apple
42 3 471 387 250 261 -1 -1 -1 -1 3 Orange
42 4 203 245 268 284 -1 -1 -1 -1 4 apple
42 5 619 819 451 382 -1 -1 -1 -1 5 banana
42 6 722 151 329 520 -1 -1 -1 -1 6 banana
42 7 87 878 250 249 -1 -1 -1 -1 7 apple
42 8 813 518 266 259 -1 -1 -1 -1 8 banana
43 1 352 708 278 274 -1 -1 -1 -1 1 Orange
43 2 414 0 277 299 -1 -1 -1 -1 2 apple
43 3 471 387 251 261 -1 -1 -1 -1 3 Orange
43 4 203 245 268 284 -1 -1 -1 -1 4 apple
43 5 623 818 446 384 -1 -1 -1 -1 5 banana
43 6 721 151 330 521 -1 -1 -1 -1 6 banana
43 7 86 879 250 247 -1 -1 -1 -1 7 apple
43 8 812 521 267 257 -1 -1 -1 -1 8 banana
44 1 352 708 277 274 -1 -1 -1 -1 1 Orange
44 2 414 0 277 301 -1 -1 -1 -1 2 apple
44 3 472 386 250 261 -1 -1 -1 -1 3 Orange
44 4 203 245 268 284 -1 -1 -1 -1 4 apple
44 5 623 816 448 387 -1 -1 -1 -1 5 banana
44 6 720 151 332 522 -1 -1 -1 -1 6 banana
44 7 87 879 249 247 -1 -1 -1 -1 7 apple
44 8 813 521 266 257 -1 -1 -1 -1 8 banana
45 1 353 708 276 274 -1 -1 -1 -1 1 Orange
45 2 412 0 281 301 -1 -1 -1 -1 2 apple
45 3 472 386 250 261 -1 -1 -1 -1 3 Orange
45 4 203 245 268 284 -1 -1 -1 -1 4 apple
45 5 624 816 447 387 -1 -1 -1 -1 5 banana
45 6 722 148 329 525 -1 -1 -1 -1 6 banana
45 7 87 879 249 247 -1 -1 -1 -1 7 apple
45 8 814 520 265 259 -1 -1 -1 -1 8 banana
46 1 353 708 275 274 -1 -1 -1 -1 1 Orange
46 2 412 0 280 299 -1 -1 -1 -1 2 apple
46 3 472 386 249 262 -1 -1 -1 -1 3 Orange
46 4 204 245 266 286 -1 -1 -1 -1 4 apple
46 5 625 817 446 386 -1 -1 -1 -1 5 banana
46 6 721 147 332 526 -1 -1 -1 -1 6 banana
46 7 87 879 248 248 -1 -1 -1 -1 7 apple
46 8 812 520 267 259 -1 -1 -1 -1 8 banana
47 1 353 708 276 274 -1 -1 -1 -1 1 Orange
47 2 413 0 279 300 -1 -1 -1 -1 2 apple
47 3 472 386 249 262 -1 -1 -1 -1 3 Orange
47 4 204 245 267 286 -1 -1 -1 -1 4 apple
47 5 623 819 448 383 -1 -1 -1 -1 5 banana
47 6 721 147 332 526 -1 -1 -1 -1 6 banana
47 7 87 878 248 251 -1 -1 -1 -1 7 apple
47 8 812 522 267 256 -1 -1 -1 -1 8 banana
48 1 353 709 277 273 -1 -1 -1 -1 1 Orange
48 2 413 0 279 300 -1 -1 -1 -1 2 apple
48 3 472 386 250 262 -1 -1 -1 -1 3 Orange
48 4 203 247 266 287 -1 -1 -1 -1 4 apple
48 5 626 819 444 383 -1 -1 -1 -1 5 banana
48 6 722 148 330 526 -1 -1 -1 -1 6 banana
48 7 85 878 252 249 -1 -1 -1 -1 7 apple
48 8 812 523 267 255 -1 -1 -1 -1 8 banana
49 1 353 709 276 273 -1 -1 -1 -1 1 Orange
49 2 414 0 277 300 -1 -1 -1 -1 2 apple
49 3 472 386 250 262 -1 -1 -1 -1 3 Orange
49 4 203 245 268 287 -1 -1 -1 -1 4 apple
49 5 627 818 444 384 -1 -1 -1 -1 5 banana
49 6 720 147 330 526 -1 -1 -1 -1 6 banana
49 7 87 878 249 248 -1 -1 -1 -1 7 apple
49 8 813 522 266 256 -1 -1 -1 -1 8 banana
50 1 353 709 276 273 -1 -1 -1 -1 1 Orange
50 2 413 0 279 299 -1 -1 -1 -1 2 apple
50 3 472 386 249 262 -1 -1 -1 -1 3 Orange
50 4 203 245 268 286 -1 -1 -1 -1 4 apple
50 5 626 819 446 382 -1 -1 -1 -1 5 banana
50 6 719 147 332 526 -1 -1 -1 -1 6 banana
50 7 87 877 249 247 -1 -1 -1 -1 7 apple
50 8 813 521 266 257 -1 -1 -1 -1 8 banana
51 1 352 709 278 273 -1 -1 -1 -1 1 Orange
51 2 413 0 279 297 -1 -1 -1 -1 2 apple
51 3 472 386 250 261 -1 -1 -1 -1 3 Orange
51 4 204 244 266 287 -1 -1 -1 -1 4 apple
51 5 626 819 446 383 -1 -1 -1 -1 5 banana
51 6 718 144 332 529 -1 -1 -1 -1 6 banana
51 7 87 878 250 246 -1 -1 -1 -1 7 apple
51 8 811 523 268 256 -1 -1 -1 -1 8 banana
52 1 353 709 276 274 -1 -1 -1 -1 1 Orange
52 2 414 0 277 297 -1 -1 -1 -1 2 apple
52 3 472 386 250 261 -1 -1 -1 -1 3 Orange
52 4 203 244 268 287 -1 -1 -1 -1 4 apple
52 5 628 818 443 384 -1 -1 -1 -1 5 banana
52 6 721 145 328 527 -1 -1 -1 -1 6 banana
52 7 89 879 246 244 -1 -1 -1 -1 7 apple
52 8 813 521 266 260 -1 -1 -1 -1 8 banana
53 1 352 709 279 273 -1 -1 -1 -1 1 Orange
53 2 414 0 278 298 -1 -1 -1 -1 2 apple
53 3 472 386 250 261 -1 -1 -1 -1 3 Orange
53 4 203 244 268 287 -1 -1 -1 -1 4 apple
53 5 624 820 447 381 -1 -1 -1 -1 5 banana
53 6 722 145 327 526 -1 -1 -1 -1 6 banana
53 7 89 879 245 242 -1 -1 -1 -1 7 apple
53 8 812 521 267 260 -1 -1 -1 -1 8 banana
54 1 353 709 278 273 -1 -1 -1 -1 1 Orange
54 2 414 0 278 298 -1 -1 -1 -1 2 apple
54 3 472 386 250 262 -1 -1 -1 -1 3 Orange
54 4 203 244 269 287 -1 -1 -1 -1 4 apple
54 5 626 819 443 383 -1 -1 -1 -1 5 banana
54 6 729 138 312 539 -1 -1 -1 -1 6 banana
54 7 90 878 244 245 -1 -1 -1 -1 7 apple
54 8 808 527 271 253 -1 -1 -1 -1 8 banana
55 1 353 709 278 273 -1 -1 -1 -1 1 Orange
55 2 414 0 278 299 -1 -1 -1 -1 2 apple
55 3 472 386 250 262 -1 -1 -1 -1 3 Orange
55 4 203 243 269 288 -1 -1 -1 -1 4 apple
55 5 627 819 442 383 -1 -1 -1 -1 5 banana
55 6 729 134 313 546 -1 -1 -1 -1 6 banana
55 7 90 878 245 246 -1 -1 -1 -1 7 apple
55 8 812 524 267 255 -1 -1 -1 -1 8 banana
56 1 353 709 278 273 -1 -1 -1 -1 1 Orange
56 2 414 0 278 300 -1 -1 -1 -1 2 apple
56 3 471 386 251 262 -1 -1 -1 -1 3 Orange
56 4 201 246 270 288 -1 -1 -1 -1 4 apple
56 5 629 819 441 382 -1 -1 -1 -1 5 banana
56 6 719 142 334 533 -1 -1 -1 -1 6 banana
56 7 89 878 247 246 -1 -1 -1 -1 7 apple
56 8 814 521 264 256 -1 -1 -1 -1 8 banana
57 1 353 709 278 274 -1 -1 -1 -1 1 Orange
57 2 414 0 278 300 -1 -1 -1 -1 2 apple
57 3 472 386 249 262 -1 -1 -1 -1 3 Orange
57 4 201 247 270 287 -1 -1 -1 -1 4 apple
57 5 625 820 445 381 -1 -1 -1 -1 5 banana
57 6 726 137 318 544 -1 -1 -1 -1 6 banana
57 7 89 878 247 246 -1 -1 -1 -1 7 apple
57 8 814 519 265 260 -1 -1 -1 -1 8 banana
58 1 353 708 277 275 -1 -1 -1 -1 1 Orange
58 2 414 0 279 300 -1 -1 -1 -1 2 apple
58 3 472 386 250 262 -1 -1 -1 -1 3 Orange
58 4 201 247 269 288 -1 -1 -1 -1 4 apple
58 5 625 818 445 383 -1 -1 -1 -1 5 banana
58 6 717 142 335 534 -1 -1 -1 -1 6 banana
58 7 89 878 247 247 -1 -1 -1 -1 7 apple
58 8 813 523 266 257 -1 -1 -1 -1 8 banana
59 1 354 708 275 276 -1 -1 -1 -1 1 Orange
59 2 415 0 277 300 -1 -1 -1 -1 2 apple
59 3 473 386 249 262 -1 -1 -1 -1 3 Orange
59 4 202 245 269 287 -1 -1 -1 -1 4 apple
59 5 624 820 447 380 -1 -1 -1 -1 5 banana
59 6 727 134 317 547 -1 -1 -1 -1 6 banana
59 7 90 879 246 244 -1 -1 -1 -1 7 apple
59 8 813 524 266 256 -1 -1 -1 -1 8 banana
60 1 352 708 279 275 -1 -1 -1 -1 1 Orange
60 2 413 0 280 299 -1 -1 -1 -1 2 apple
60 3 473 386 249 263 -1 -1 -1 -1 3 Orange
60 4 201 246 270 288 -1 -1 -1 -1 4 apple
60 5 627 822 443 378 -1 -1 -1 -1 5 banana
60 6 716 139 337 539 -1 -1 -1 -1 6 banana
60 7 90 879 245 245 -1 -1 -1 -1 7 apple
60 8 815 522 264 258 -1 -1 -1 -1 8 banana
61 1 353 709 277 273 -1 -1 -1 -1 1 Orange
61 2 414 0 278 298 -1 -1 -1 -1 2 apple
61 3 472 386 251 263 -1 -1 -1 -1 3 Orange
61 4 201 247 270 288 -1 -1 -1 -1 4 apple
61 5 627 820 442 381 -1 -1 -1 -1 5 banana
61 6 719 143 333 533 -1 -1 -1 -1 6 banana
61 7 89 879 247 246 -1 -1 -1 -1 7 apple
61 8 814 522 265 257 -1 -1 -1 -1 8 banana
62 1 353 709 277 273 -1 -1 -1 -1 1 Orange
62 2 415 0 277 296 -1 -1 -1 -1 2 apple
62 3 472 386 251 263 -1 -1 -1 -1 3 Orange
62 4 202 245 270 287 -1 -1 -1 -1 4 apple
62 5 628 818 442 383 -1 -1 -1 -1 5 banana
62 6 719 145 334 531 -1 -1 -1 -1 6 banana
62 7 88 878 248 249 -1 -1 -1 -1 7 apple
62 8 812 525 267 256 -1 -1 -1 -1 8 banana
63 1 352 709 278 273 -1 -1 -1 -1 1 Orange
63 2 415 0 277 297 -1 -1 -1 -1 2 apple
63 3 473 386 250 263 -1 -1 -1 -1 3 Orange
63 4 201 247 270 287 -1 -1 -1 -1 4 apple
63 5 628 818 443 383 -1 -1 -1 -1 5 banana
63 6 721 144 331 532 -1 -1 -1 -1 6 banana
63 7 87 878 250 248 -1 -1 -1 -1 7 apple
63 8 814 521 264 260 -1 -1 -1 -1 8 banana
64 1 352 709 278 272 -1 -1 -1 -1 1 Orange
64 2 415 0 277 297 -1 -1 -1 -1 2 apple
64 3 473 387 250 262 -1 -1 -1 -1 3 Orange
64 4 200 247 272 287 -1 -1 -1 -1 4 apple
64 5 627 820 445 380 -1 -1 -1 -1 5 banana
64 6 720 142 330 533 -1 -1 -1 -1 6 banana
64 7 87 878 250 247 -1 -1 -1 -1 7 apple
64 8 813 522 266 258 -1 -1 -1 -1 8 banana
65 1 353 710 276 271 -1 -1 -1 -1 1 Orange
65 2 415 0 277 298 -1 -1 -1 -1 2 apple
65 3 473 387 249 262 -1 -1 -1 -1 3 Orange
65 4 200 247 271 287 -1 -1 -1 -1 4 apple
65 5 627 820 443 380 -1 -1 -1 -1 5 banana
65 6 720 142 330 532 -1 -1 -1 -1 6 banana
65 7 89 878 247 249 -1 -1 -1 -1 7 apple
65 8 814 522 265 258 -1 -1 -1 -1 8 banana
66 1 353 710 276 271 -1 -1 -1 -1 1 Orange
66 2 416 0 276 299 -1 -1 -1 -1 2 apple
66 3 472 387 251 262 -1 -1 -1 -1 3 Orange
66 4 200 248 271 286 -1 -1 -1 -1 4 apple
66 5 630 820 439 381 -1 -1 -1 -1 5 banana
66 6 719 146 331 527 -1 -1 -1 -1 6 banana
66 7 89 878 247 250 -1 -1 -1 -1 7 apple
66 8 812 522 267 256 -1 -1 -1 -1 8 banana
67 1 354 710 275 271 -1 -1 -1 -1 1 Orange
67 2 415 0 278 298 -1 -1 -1 -1 2 apple
67 3 473 387 249 262 -1 -1 -1 -1 3 Orange
67 4 201 248 270 285 -1 -1 -1 -1 4 apple
67 5 629 817 440 385 -1 -1 -1 -1 5 banana
67 6 721 148 328 524 -1 -1 -1 -1 6 banana
67 7 90 878 245 249 -1 -1 -1 -1 7 apple
67 8 810 524 269 254 -1 -1 -1 -1 8 banana
68 1 354 709 275 272 -1 -1 -1 -1 1 Orange
68 2 415 0 277 297 -1 -1 -1 -1 2 apple
68 3 472 387 251 262 -1 -1 -1 -1 3 Orange
68 4 204 247 267 283 -1 -1 -1 -1 4 apple
68 5 625 817 445 385 -1 -1 -1 -1 5 banana
68 6 721 152 331 521 -1 -1 -1 -1 6 banana
68 7 90 878 246 249 -1 -1 -1 -1 7 apple
68 8 811 524 268 255 -1 -1 -1 -1 8 banana
69 1 354 709 275 274 -1 -1 -1 -1 1 Orange
69 2 416 0 275 297 -1 -1 -1 -1 2 apple
69 3 471 387 252 262 -1 -1 -1 -1 3 Orange
69 4 205 246 266 283 -1 -1 -1 -1 4 apple
69 5 625 817 445 385 -1 -1 -1 -1 5 banana
69 6 721 153 331 520 -1 -1 -1 -1 6 banana
69 7 89 878 248 249 -1 -1 -1 -1 7 apple
69 8 812 524 267 256 -1 -1 -1 -1 8 banana
70 1 354 709 275 274 -1 -1 -1 -1 1 Orange
70 2 415 0 277 298 -1 -1 -1 -1 2 apple
70 3 471 387 252 261 -1 -1 -1 -1 3 Orange
70 4 202 248 269 282 -1 -1 -1 -1 4 apple
70 5 625 817 445 385 -1 -1 -1 -1 5 banana
70 6 719 152 333 521 -1 -1 -1 -1 6 banana
70 7 88 878 249 248 -1 -1 -1 -1 7 apple
70 8 809 528 270 252 -1 -1 -1 -1 8 banana
71 1 353 709 277 274 -1 -1 -1 -1 1 Orange
71 2 415 0 277 297 -1 -1 -1 -1 2 apple
71 3 472 387 250 261 -1 -1 -1 -1 3 Orange
71 4 202 248 269 284 -1 -1 -1 -1 4 apple
71 5 626 817 444 385 -1 -1 -1 -1 5 banana
71 6 720 153 331 521 -1 -1 -1 -1 6 banana
71 7 88 878 249 248 -1 -1 -1 -1 7 apple
71 8 811 526 268 254 -1 -1 -1 -1 8 banana
72 1 354 709 275 274 -1 -1 -1 -1 1 Orange
72 2 416 0 275 297 -1 -1 -1 -1 2 apple
72 3 472 387 250 261 -1 -1 -1 -1 3 Orange
72 4 202 248 268 284 -1 -1 -1 -1 4 apple
72 5 628 818 441 384 -1 -1 -1 -1 5 banana
72 6 721 153 331 521 -1 -1 -1 -1 6 banana
72 7 88 879 249 243 -1 -1 -1 -1 7 apple
72 8 813 529 266 251 -1 -1 -1 -1 8 banana
73 1 354 709 275 274 -1 -1 -1 -1 1 Orange
73 2 416 0 275 297 -1 -1 -1 -1 2 apple
73 3 473 387 249 261 -1 -1 -1 -1 3 Orange
73 4 202 248 267 286 -1 -1 -1 -1 4 apple
73 5 630 817 439 386 -1 -1 -1 -1 5 banana
73 6 722 153 329 520 -1 -1 -1 -1 6 banana
73 7 89 879 247 243 -1 -1 -1 -1 7 apple
73 8 816 525 262 255 -1 -1 -1 -1 8 banana
74 1 353 708 277 276 -1 -1 -1 -1 1 Orange
74 2 415 0 277 297 -1 -1 -1 -1 2 apple
74 3 472 387 251 261 -1 -1 -1 -1 3 Orange
74 4 202 248 268 286 -1 -1 -1 -1 4 apple
74 5 627 817 445 386 -1 -1 -1 -1 5 banana
74 6 722 150 330 522 -1 -1 -1 -1 6 banana
74 7 86 879 250 245 -1 -1 -1 -1 7 apple
74 8 813 527 266 254 -1 -1 -1 -1 8 banana
75 1 353 708 277 276 -1 -1 -1 -1 1 Orange
75 2 414 0 278 297 -1 -1 -1 -1 2 apple
75 3 472 387 251 261 -1 -1 -1 -1 3 Orange
75 4 202 248 268 287 -1 -1 -1 -1 4 apple
75 5 628 816 445 387 -1 -1 -1 -1 5 banana
75 6 722 147 327 527 -1 -1 -1 -1 6 banana
75 7 87 879 249 244 -1 -1 -1 -1 7 apple
75 8 813 530 266 251 -1 -1 -1 -1 8 banana
76 1 353 708 277 276 -1 -1 -1 -1 1 Orange
76 2 415 0 278 298 -1 -1 -1 -1 2 apple
76 3 472 387 251 261 -1 -1 -1 -1 3 Orange
76 4 201 248 269 287 -1 -1 -1 -1 4 apple
76 5 628 814 445 389 -1 -1 -1 -1 5 banana
76 6 721 146 329 528 -1 -1 -1 -1 6 banana
76 7 87 878 249 247 -1 -1 -1 -1 7 apple
76 8 814 527 265 254 -1 -1 -1 -1 8 banana
77 1 353 707 278 277 -1 -1 -1 -1 1 Orange
77 2 416 0 277 298 -1 -1 -1 -1 2 apple
77 3 472 387 250 261 -1 -1 -1 -1 3 Orange
77 4 201 248 270 288 -1 -1 -1 -1 4 apple
77 5 626 816 447 386 -1 -1 -1 -1 5 banana
77 6 720 147 330 527 -1 -1 -1 -1 6 banana
77 7 87 878 249 247 -1 -1 -1 -1 7 apple
77 8 813 527 266 253 -1 -1 -1 -1 8 banana
78 1 352 708 279 275 -1 -1 -1 -1 1 Orange
78 2 415 0 278 297 -1 -1 -1 -1 2 apple
78 3 472 387 250 261 -1 -1 -1 -1 3 Orange
78 4 202 248 268 288 -1 -1 -1 -1 4 apple
78 5 628 814 443 388 -1 -1 -1 -1 5 banana
78 6 718 148 333 527 -1 -1 -1 -1 6 banana
78 7 87 878 249 247 -1 -1 -1 -1 7 apple
78 8 813 526 266 253 -1 -1 -1 -1 8 banana
79 1 353 708 277 275 -1 -1 -1 -1 1 Orange
79 2 415 0 277 298 -1 -1 -1 -1 2 apple
79 3 473 387 249 261 -1 -1 -1 -1 3 Orange
79 4 202 248 268 288 -1 -1 -1 -1 4 apple
79 5 630 815 441 387 -1 -1 -1 -1 5 banana
79 6 718 148 335 525 -1 -1 -1 -1 6 banana
79 7 87 877 249 249 -1 -1 -1 -1 7 apple
79 8 813 530 266 250 -1 -1 -1 -1 8 banana
80 1 353 708 277 275 -1 -1 -1 -1 1 Orange
80 2 415 0 277 298 -1 -1 -1 -1 2 apple
80 3 473 387 249 261 -1 -1 -1 -1 3 Orange
80 4 202 248 269 286 -1 -1 -1 -1 4 apple
80 5 627 818 445 383 -1 -1 -1 -1 5 banana
80 6 721 146 330 528 -1 -1 -1 -1 6 banana
80 7 86 878 252 248 -1 -1 -1 -1 7 apple
80 8 816 526 263 252 -1 -1 -1 -1 8 banana
81 1 353 709 277 274 -1 -1 -1 -1 1 Orange
81 2 416 0 277 300 -1 -1 -1 -1 2 apple
81 3 474 387 249 261 -1 -1 -1 -1 3 Orange
81 4 204 246 267 286 -1 -1 -1 -1 4 apple
81 5 628 818 444 383 -1 -1 -1 -1 5 banana
81 6 722 142 329 533 -1 -1 -1 -1 6 banana
81 7 87 878 250 248 -1 -1 -1 -1 7 apple
81 8 814 524 265 254 -1 -1 -1 -1 8 banana
82 1 353 709 277 273 -1 -1 -1 -1 1 Orange
82 2 415 0 278 300 -1 -1 -1 -1 2 apple
82 3 473 387 251 261 -1 -1 -1 -1 3 Orange
82 4 202 247 269 286 -1 -1 -1 -1 4 apple
82 5 629 817 442 384 -1 -1 -1 -1 5 banana
82 6 721 143 332 532 -1 -1 -1 -1 6 banana
82 7 89 878 246 249 -1 -1 -1 -1 7 apple
82 8 814 525 265 253 -1 -1 -1 -1 8 banana
83 1 353 707 278 277 -1 -1 -1 -1 1 Orange
83 2 413 0 283 295 -1 -1 -1 -1 2 apple
83 3 471 383 254 265 -1 -1 -1 -1 3 Orange
83 4 203 243 269 284 -1 -1 -1 -1 4 apple
83 5 627 815 444 386 -1 -1 -1 -1 5 banana
83 6 730 132 316 535 -1 -1 -1 -1 6 banana
83 7 88 876 248 253 -1 -1 -1 -1 7 apple
83 8 818 519 259 261 -1 -1 -1 -1 8 banana
84 1 352 706 280 277 -1 -1 -1 -1 1 Orange
84 2 411 0 285 293 -1 -1 -1 -1 2 apple
84 3 470 381 256 265 -1 -1 -1 -1 3 Orange
84 4 203 241 271 282 -1 -1 -1 -1 4 apple
84 5 632 813 437 389 -1 -1 -1 -1 5 banana
84 6 733 125 314 535 -1 -1 -1 -1 6 banana
84 7 86 877 250 251 -1 -1 -1 -1 7 apple
84 8 817 526 262 252 -1 -1 -1 -1 8 banana
85 1 351 705 281 277 -1 -1 -1 -1 1 Orange
85 2 410 0 287 288 -1 -1 -1 -1 2 apple
85 3 470 380 256 265 -1 -1 -1 -1 3 Orange
85 4 204 238 269 284 -1 -1 -1 -1 4 apple
85 5 638 811 430 393 -1 -1 -1 -1 5 banana
85 6 735 118 316 540 -1 -1 -1 -1 6 banana
85 7 83 877 254 249 -1 -1 -1 -1 7 apple
85 8 822 522 256 258 -1 -1 -1 -1 8 banana
86 1 351 704 281 278 -1 -1 -1 -1 1 Orange
86 2 408 0 292 279 -1 -1 -1 -1 2 apple
86 3 471 379 256 264 -1 -1 -1 -1 3 Orange
86 4 203 236 270 284 -1 -1 -1 -1 4 apple
86 5 637 810 434 395 -1 -1 -1 -1 5 banana
86 6 741 103 310 562 -1 -1 -1 -1 6 banana
86 7 84 877 252 247 -1 -1 -1 -1 7 apple
86 8 824 522 255 260 -1 -1 -1 -1 8 banana
87 1 350 703 283 279 -1 -1 -1 -1 1 Orange
87 2 408 0 291 274 -1 -1 -1 -1 2 apple
87 3 470 374 257 272 -1 -1 -1 -1 3 Orange
87 4 200 233 274 285 -1 -1 -1 -1 4 apple
87 5 640 804 431 403 -1 -1 -1 -1 5 banana
87 6 742 97 312 569 -1 -1 -1 -1 6 banana
87 7 82 877 253 248 -1 -1 -1 -1 7 apple
87 8 825 515 254 264 -1 -1 -1 -1 8 banana
88 1 349 702 282 281 -1 -1 -1 -1 1 Orange
88 2 409 0 290 270 -1 -1 -1 -1 2 apple
88 3 468 367 260 278 -1 -1 -1 -1 3 Orange
88 4 197 228 277 287 -1 -1 -1 -1 4 apple
88 5 640 804 433 406 -1 -1 -1 -1 5 banana
88 6 744 93 316 574 -1 -1 -1 -1 6 banana
88 7 72 874 265 255 -1 -1 -1 -1 7 apple
88 8 827 511 252 264 -1 -1 -1 -1 8 banana
89 1 347 701 286 283 -1 -1 -1 -1 1 Orange
89 2 406 0 295 267 -1 -1 -1 -1 2 apple
89 3 468 365 262 279 -1 -1 -1 -1 3 Orange
89 4 194 224 281 289 -1 -1 -1 -1 4 apple
89 5 641 807 434 405 -1 -1 -1 -1 5 banana
89 6 743 98 318 566 -1 -1 -1 -1 6 banana
89 7 71 874 265 256 -1 -1 -1 -1 7 apple
89 8 831 504 247 269 -1 -1 -1 -1 8 banana
90 1 346 701 287 282 -1 -1 -1 -1 1 Orange
90 2 406 0 295 265 -1 -1 -1 -1 2 apple
90 3 469 363 262 278 -1 -1 -1 -1 3 Orange
90 4 193 220 280 289 -1 -1 -1 -1 4 apple
90 5 644 804 431 411 -1 -1 -1 -1 5 banana
90 6 745 95 314 565 -1 -1 -1 -1 6 banana
90 7 71 873 264 256 -1 -1 -1 -1 7 apple
90 8 832 498 246 274 -1 -1 -1 -1 8 banana
91 1 347 699 285 283 -1 -1 -1 -1 1 Orange
91 2 401 0 303 261 -1 -1 -1 -1 2 apple
91 3 470 361 261 279 -1 -1 -1 -1 3 Orange
91 4 190 216 284 291 -1 -1 -1 -1 4 apple
91 5 640 810 439 402 -1 -1 -1 -1 5 banana
91 6 745 94 316 559 -1 -1 -1 -1 6 banana
91 7 61 873 278 259 -1 -1 -1 -1 7 apple
91 8 831 495 248 275 -1 -1 -1 -1 8 banana
92 1 345 698 287 284 -1 -1 -1 -1 1 Orange
92 2 399 1 306 253 -1 -1 -1 -1 2 apple
92 3 469 357 265 278 -1 -1 -1 -1 3 Orange
92 4 189 206 281 297 -1 -1 -1 -1 4 apple
92 5 645 805 433 407 -1 -1 -1 -1 5 banana
92 6 749 86 309 566 -1 -1 -1 -1 6 banana
92 7 53 872 284 263 -1 -1 -1 -1 7 apple
92 8 838 489 240 280 -1 -1 -1 -1 8 banana
93 1 343 697 290 285 -1 -1 -1 -1 1 Orange
93 2 401 1 302 248 -1 -1 -1 -1 2 apple
93 3 472 353 263 281 -1 -1 -1 -1 3 Orange
93 4 181 203 291 298 -1 -1 -1 -1 4 apple
93 5 647 800 431 415 -1 -1 -1 -1 5 banana
93 6 751 80 310 570 -1 -1 -1 -1 6 banana
93 7 47 871 286 266 -1 -1 -1 -1 7 apple
93 8 833 502 246 269 -1 -1 -1 -1 8 banana
94 1 342 696 291 286 -1 -1 -1 -1 1 Orange
94 2 399 0 307 241 -1 -1 -1 -1 2 apple
94 3 473 349 262 284 -1 -1 -1 -1 3 Orange
94 4 181 199 289 298 -1 -1 -1 -1 4 apple
94 5 646 800 433 415 -1 -1 -1 -1 5 banana
94 6 755 76 302 577 -1 -1 -1 -1 6 banana
94 7 47 870 285 270 -1 -1 -1 -1 7 apple
94 8 835 505 244 265 -1 -1 -1 -1 8 banana
95 1 342 695 290 287 -1 -1 -1 -1 1 Orange
95 2 400 0 306 237 -1 -1 -1 -1 2 apple
95 3 473 345 263 285 -1 -1 -1 -1 3 Orange
95 4 182 194 282 304 -1 -1 -1 -1 4 apple
95 5 645 802 434 416 -1 -1 -1 -1 5 banana
95 6 752 68 311 580 -1 -1 -1 -1 6 banana
95 7 45 870 286 273 -1 -1 -1 -1 7 apple
95 8 841 493 236 277 -1 -1 -1 -1 8 banana
96 1 341 692 289 291 -1 -1 -1 -1 1 Orange
96 2 401 0 307 231 -1 -1 -1 -1 2 apple
96 3 471 339 269 285 -1 -1 -1 -1 3 Orange
96 4 177 187 288 309 -1 -1 -1 -1 4 apple
96 5 650 801 429 420 -1 -1 -1 -1 5 banana
96 6 768 61 289 588 -1 -1 -1 -1 6 banana
96 7 46 869 276 271 -1 -1 -1 -1 7 apple
96 8 833 508 246 253 -1 -1 -1 -1 8 banana
97 1 339 691 292 292 -1 -1 -1 -1 1 Orange
97 2 400 0 311 225 -1 -1 -1 -1 2 apple
97 3 472 336 270 284 -1 -1 -1 -1 3 Orange
97 4 175 180 287 314 -1 -1 -1 -1 4 apple
97 5 652 805 427 418 -1 -1 -1 -1 5 banana
97 6 771 54 286 597 -1 -1 -1 -1 6 banana
97 7 44 868 276 273 -1 -1 -1 -1 7 apple
97 8 840 515 239 244 -1 -1 -1 -1 8 banana
98 1 338 689 293 294 -1 -1 -1 -1 1 Orange
98 2 401 0 310 217 -1 -1 -1 -1 2 apple
98 3 472 333 270 283 -1 -1 -1 -1 3 Orange
98 4 172 176 289 314 -1 -1 -1 -1 4 apple
98 5 652 806 427 418 -1 -1 -1 -1 5 banana
98 6 766 49 299 606 -1 -1 -1 -1 6 banana
98 7 42 868 274 273 -1 -1 -1 -1 7 apple
98 8 842 514 237 244 -1 -1 -1 -1 8 banana
99 1 337 689 296 293 -1 -1 -1 -1 1 Orange
99 2 397 0 320 212 -1 -1 -1 -1 2 apple
99 3 472 330 272 283 -1 -1 -1 -1 3 Orange
99 4 170 172 290 314 -1 -1 -1 -1 4 apple
99 5 653 808 426 417 -1 -1 -1 -1 5 banana
99 6 769 50 297 608 -1 -1 -1 -1 6 banana
99 7 38 868 282 274 -1 -1 -1 -1 7 apple
99 8 842 515 237 243 -1 -1 -1 -1 8 banana
100 1 336 688 301 296 -1 -1 -1 -1 1 Orange
100 2 398 0 321 210 -1 -1 -1 -1 2 apple
100 3 475 326 267 285 -1 -1 -1 -1 3 Orange
100 4 169 167 291 314 -1 -1 -1 -1 4 apple
100 5 653 804 426 422 -1 -1 -1 -1 5 banana
100 6 775 63 287 593 -1 -1 -1 -1 6 banana
100 7 37 867 283 279 -1 -1 -1 -1 7 apple
100 8 843 515 236 240 -1 -1 -1 -1 8 banana
101 1 336 685 302 300 -1 -1 -1 -1 1 Orange
101 2 394 0 329 201 -1 -1 -1 -1 2 apple
101 3 472 321 274 285 -1 -1 -1 -1 3 Orange
101 4 169 158 294 321 -1 -1 -1 -1 4 apple
101 5 655 805 424 422 -1 -1 -1 -1 5 banana
101 6 773 41 294 603 -1 -1 -1 -1 6 banana
101 7 35 866 281 283 -1 -1 -1 -1 7 apple
101 8 846 518 233 228 -1 -1 -1 -1 8 banana
102 1 335 683 303 303 -1 -1 -1 -1 1 Orange
102 2 393 0 329 195 -1 -1 -1 -1 2 apple
102 3 473 319 274 286 -1 -1 -1 -1 3 Orange
102 4 168 153 296 325 -1 -1 -1 -1 4 apple
102 5 654 816 425 412 -1 -1 -1 -1 5 banana
102 6 781 24 286 607 -1 -1 -1 -1 6 banana
102 7 32 865 281 289 -1 -1 -1 -1 7 apple
102 8 854 521 224 229 -1 -1 -1 -1 8 banana
103 1 335 683 302 303 -1 -1 -1 -1 1 Orange
103 2 392 0 329 189 -1 -1 -1 -1 2 apple
103 3 475 315 272 288 -1 -1 -1 -1 3 Orange
103 4 168 148 294 328 -1 -1 -1 -1 4 apple
103 5 660 819 419 410 -1 -1 -1 -1 5 banana
103 6 773 29 302 593 -1 -1 -1 -1 6 banana
103 7 29 865 283 290 -1 -1 -1 -1 7 apple
103 8 851 522 228 229 -1 -1 -1 -1 8 banana
104 1 334 681 305 305 -1 -1 -1 -1 1 Orange
104 2 390 0 333 189 -1 -1 -1 -1 2 apple
104 3 476 312 272 290 -1 -1 -1 -1 3 Orange
104 4 164 141 298 333 -1 -1 -1 -1 4 apple
104 5 658 826 421 408 -1 -1 -1 -1 5 banana
104 6 774 24 299 603 -1 -1 -1 -1 6 banana
104 7 25 865 289 289 -1 -1 -1 -1 7 apple
104 8 847 533 232 214 -1 -1 -1 -1 8 banana
105 1 334 678 304 307 -1 -1 -1 -1 1 Orange
105 2 390 0 336 189 -1 -1 -1 -1 2 apple
105 3 475 309 276 291 -1 -1 -1 -1 3 Orange
105 4 162 134 300 337 -1 -1 -1 -1 4 apple
105 5 659 826 420 407 -1 -1 -1 -1 5 banana
105 6 774 42 299 585 -1 -1 -1 -1 6 banana
105 7 22 865 291 291 -1 -1 -1 -1 7 apple
105 8 857 525 219 222 -1 -1 -1 -1 8 banana
106 1 332 676 307 310 -1 -1 -1 -1 1 Orange
106 2 391 0 333 181 -1 -1 -1 -1 2 apple
106 3 472 304 282 291 -1 -1 -1 -1 3 Orange
106 4 156 128 307 338 -1 -1 -1 -1 4 apple
106 5 653 841 426 394 -1 -1 -1 -1 5 banana
106 6 784 56 290 553 -1 -1 -1 -1 6 banana
106 7 16 862 295 290 -1 -1 -1 -1 7 apple
106 8 854 529 225 215 -1 -1 -1 -1 8 banana
107 1 332 675 308 310 -1 -1 -1 -1 1 Orange
107 2 394 0 330 175 -1 -1 -1 -1 2 apple
107 3 474 299 279 296 -1 -1 -1 -1 3 Orange
107 4 154 123 308 337 -1 -1 -1 -1 4 apple
107 5 652 864 427 373 -1 -1 -1 -1 5 banana
107 6 787 61 285 539 -1 -1 -1 -1 6 banana
107 7 18 861 292 299 -1 -1 -1 -1 7 apple
107 8 858 529 221 212 -1 -1 -1 -1 8 banana
108 1 331 674 308 310 -1 -1 -1 -1 1 Orange
108 2 391 0 340 166 -1 -1 -1 -1 2 apple
108 3 473 292 281 303 -1 -1 -1 -1 3 Orange
108 4 149 120 314 335 -1 -1 -1 -1 4 apple
108 5 653 876 422 362 -1 -1 -1 -1 5 banana
108 6 786 56 283 542 -1 -1 -1 -1 6 banana
108 7 16 862 294 304 -1 -1 -1 -1 7 apple
108 8 852 545 227 194 -1 -1 -1 -1 8 banana
109 1 330 673 309 312 -1 -1 -1 -1 1 Orange
109 2 395 0 335 162 -1 -1 -1 -1 2 apple
109 3 471 288 283 305 -1 -1 -1 -1 3 Orange
109 4 146 116 315 334 -1 -1 -1 -1 4 apple
109 5 659 869 410 375 -1 -1 -1 -1 5 banana
109 6 781 78 293 508 -1 -1 -1 -1 6 banana
109 7 10 861 299 305 -1 -1 -1 -1 7 apple
109 8 857 549 222 194 -1 -1 -1 -1 8 banana
110 1 328 670 310 315 -1 -1 -1 -1 1 Orange
110 2 389 2 347 155 -1 -1 -1 -1 2 apple
110 3 464 284 297 307 -1 -1 -1 -1 3 Orange
110 4 143 113 318 330 -1 -1 -1 -1 4 apple
110 5 658 866 416 378 -1 -1 -1 -1 5 banana
110 6 792 58 276 528 -1 -1 -1 -1 6 banana
110 7 7 861 301 303 -1 -1 -1 -1 7 apple
110 8 860 550 219 191 -1 -1 -1 -1 8 banana
111 1 327 667 310 317 -1 -1 -1 -1 1 Orange
111 2 387 2 351 146 -1 -1 -1 -1 2 apple
111 3 468 277 296 307 -1 -1 -1 -1 3 Orange
111 4 142 107 314 328 -1 -1 -1 -1 4 apple
111 5 662 862 412 388 -1 -1 -1 -1 5 banana
111 6 797 50 273 535 -1 -1 -1 -1 6 banana
111 7 7 858 296 310 -1 -1 -1 -1 7 apple
111 8 866 550 212 189 -1 -1 -1 -1 8 banana
112 1 327 663 309 320 -1 -1 -1 -1 1 Orange
112 2 389 2 347 140 -1 -1 -1 -1 2 apple
112 3 469 275 297 307 -1 -1 -1 -1 3 Orange
112 4 143 104 310 329 -1 -1 -1 -1 4 apple
112 5 659 865 418 387 -1 -1 -1 -1 5 banana
112 6 797 49 273 536 -1 -1 -1 -1 6 banana
112 7 4 859 299 311 -1 -1 -1 -1 7 apple
112 8 867 552 212 186 -1 -1 -1 -1 8 banana
113 1 327 659 310 325 -1 -1 -1 -1 1 Orange
113 2 387 2 349 134 -1 -1 -1 -1 2 apple
113 3 471 269 293 308 -1 -1 -1 -1 3 Orange
113 4 135 96 322 336 -1 -1 -1 -1 4 apple
113 5 659 869 419 385 -1 -1 -1 -1 5 banana
113 6 809 16 262 571 -1 -1 -1 -1 6 banana
113 7 12 858 280 323 -1 -1 -1 -1 7 apple
113 8 870 548 207 191 -1 -1 -1 -1 8 banana
114 1 324 657 313 327 -1 -1 -1 -1 1 Orange
114 2 388 1 349 132 -1 -1 -1 -1 2 apple
114 3 471 264 293 311 -1 -1 -1 -1 3 Orange
114 4 137 89 315 341 -1 -1 -1 -1 4 apple
114 5 657 872 421 384 -1 -1 -1 -1 5 banana
114 6 806 3 270 588 -1 -1 -1 -1 6 banana
114 7 3 858 296 321 -1 -1 -1 -1 7 apple
114 8 874 544 203 194 -1 -1 -1 -1 8 banana
115 1 323 654 313 330 -1 -1 -1 -1 1 Orange
115 2 390 1 349 124 -1 -1 -1 -1 2 apple
115 3 471 260 294 315 -1 -1 -1 -1 3 Orange
115 4 129 82 323 345 -1 -1 -1 -1 4 apple
115 5 656 873 421 384 -1 -1 -1 -1 5 banana
115 6 811 0 266 590 -1 -1 -1 -1 6 banana
115 7 2 856 296 320 -1 -1 -1 -1 7 apple
115 8 877 536 200 201 -1 -1 -1 -1 8 banana
116 1 321 651 321 333 -1 -1 -1 -1 1 Orange
116 2 388 1 353 116 -1 -1 -1 -1 2 apple
116 3 472 252 295 321 -1 -1 -1 -1 3 Orange
116 4 121 75 335 343 -1 -1 -1 -1 4 apple
116 5 654 880 425 377 -1 -1 -1 -1 5 banana
116 6 813 0 265 584 -1 -1 -1 -1 6 banana
116 7 4 855 292 323 -1 -1 -1 -1 7 apple
116 8 876 542 203 188 -1 -1 -1 -1 8 banana
117 1 319 651 324 334 -1 -1 -1 -1 1 Orange
117 2 388 1 353 110 -1 -1 -1 -1 2 apple
117 3 471 246 299 326 -1 -1 -1 -1 3 Orange
117 4 119 71 335 342 -1 -1 -1 -1 4 apple
117 5 654 881 425 377 -1 -1 -1 -1 5 banana
117 6 813 0 266 580 -1 -1 -1 -1 6 banana
117 7 4 852 291 329 -1 -1 -1 -1 7 apple
117 8 882 534 195 197 -1 -1 -1 -1 8 banana
118 1 318 650 325 335 -1 -1 -1 -1 1 Orange
118 2 387 0 352 105 -1 -1 -1 -1 2 apple
118 3 471 241 301 327 -1 -1 -1 -1 3 Orange
118 4 114 64 342 344 -1 -1 -1 -1 4 apple
118 5 656 880 423 378 -1 -1 -1 -1 5 banana
118 6 821 0 253 578 -1 -1 -1 -1 6 banana
118 7 1 851 289 334 -1 -1 -1 -1 7 apple
118 8 884 525 194 200 -1 -1 -1 -1 8 banana
119 1 313 642 331 341 -1 -1 -1 -1 1 Orange
119 2 387 0 362 90 -1 -1 -1 -1 2 apple
119 3 463 225 312 336 -1 -1 -1 -1 3 Orange
119 4 109 38 343 366 -1 -1 -1 -1 4 apple
119 5 661 891 418 367 -1 -1 -1 -1 5 banana
119 6 824 0 249 570 -1 -1 -1 -1 6 banana
119 7 3 847 278 345 -1 -1 -1 -1 7 apple
119 8 893 513 183 208 -1 -1 -1 -1 8 banana
120 1 312 638 333 344 -1 -1 -1 -1 1 Orange
120 2 397 0 346 86 -1 -1 -1 -1 2 apple
120 3 460 219 316 339 -1 -1 -1 -1 3 Orange
120 4 104 29 350 372 -1 -1 -1 -1 4 apple
120 5 662 899 417 359 -1 -1 -1 -1 5 banana
120 6 826 0 248 567 -1 -1 -1 -1 6 banana
120 7 0 845 282 352 -1 -1 -1 -1 7 apple
120 8 894 508 185 210 -1 -1 -1 -1 8 banana
121 1 309 638 337 342 -1 -1 -1 -1 1 Orange
121 2 400 0 341 85 -1 -1 -1 -1 2 apple
121 3 461 219 315 338 -1 -1 -1 -1 3 Orange
121 4 102 30 350 373 -1 -1 -1 -1 4 apple
121 5 668 897 410 360 -1 -1 -1 -1 5 banana
121 6 821 0 255 562 -1 -1 -1 -1 6 banana
121 7 1 844 279 364 -1 -1 -1 -1 7 apple
121 8 893 507 186 210 -1 -1 -1 -1 8 banana
122 1 310 638 335 342 -1 -1 -1 -1 1 Orange
122 2 400 0 343 85 -1 -1 -1 -1 2 apple
122 3 460 220 315 335 -1 -1 -1 -1 3 Orange
122 4 101 27 352 372 -1 -1 -1 -1 4 apple
122 5 672 891 405 367 -1 -1 -1 -1 5 banana
122 6 824 4 251 561 -1 -1 -1 -1 6 banana
122 7 0 843 278 369 -1 -1 -1 -1 7 apple
122 8 892 508 187 207 -1 -1 -1 -1 8 banana
123 1 311 637 333 343 -1 -1 -1 -1 1 Orange
123 2 403 0 336 86 -1 -1 -1 -1 2 apple
123 3 462 219 313 336 -1 -1 -1 -1 3 Orange
123 4 101 27 353 371 -1 -1 -1 -1 4 apple
123 5 671 890 408 366 -1 -1 -1 -1 5 banana
123 6 826 8 247 560 -1 -1 -1 -1 6 banana
123 7 0 846 281 356 -1 -1 -1 -1 7 apple
123 8 894 508 185 207 -1 -1 -1 -1 8 banana
124 1 312 637 331 345 -1 -1 -1 -1 1 Orange
124 2 401 0 344 86 -1 -1 -1 -1 2 apple
124 3 463 219 311 337 -1 -1 -1 -1 3 Orange
124 4 101 27 352 371 -1 -1 -1 -1 4 apple
124 5 670 890 409 366 -1 -1 -1 -1 5 banana
124 6 824 11 251 554 -1 -1 -1 -1 6 banana
124 7 0 846 280 354 -1 -1 -1 -1 7 apple
124 8 893 510 186 208 -1 -1 -1 -1 8 banana
125 1 311 638 334 343 -1 -1 -1 -1 1 Orange
125 2 401 0 343 87 -1 -1 -1 -1 2 apple
125 3 464 221 314 335 -1 -1 -1 -1 3 Orange
125 4 101 27 351 372 -1 -1 -1 -1 4 apple
125 5 670 894 409 362 -1 -1 -1 -1 5 banana
125 6 825 7 248 558 -1 -1 -1 -1 6 banana
125 7 0 847 281 355 -1 -1 -1 -1 7 apple
125 8 892 509 187 209 -1 -1 -1 -1 8 banana
126 1 310 638 333 345 -1 -1 -1 -1 1 Orange
126 2 402 0 341 87 -1 -1 -1 -1 2 apple
126 3 464 219 312 337 -1 -1 -1 -1 3 Orange
126 4 101 27 352 372 -1 -1 -1 -1 4 apple
126 5 669 895 410 361 -1 -1 -1 -1 5 banana
126 6 828 8 244 558 -1 -1 -1 -1 6 banana
126 7 0 848 282 355 -1 -1 -1 -1 7 apple
126 8 892 507 187 211 -1 -1 -1 -1 8 banana
127 1 310 638 332 345 -1 -1 -1 -1 1 Orange
127 2 400 0 345 87 -1 -1 -1 -1 2 apple
127 3 465 221 312 334 -1 -1 -1 -1 3 Orange
127 4 101 27 351 372 -1 -1 -1 -1 4 apple
127 5 670 895 409 361 -1 -1 -1 -1 5 banana
127 6 824 13 250 554 -1 -1 -1 -1 6 banana
127 7 0 847 281 358 -1 -1 -1 -1 7 apple
127 8 892 507 187 210 -1 -1 -1 -1 8 banana
128 1 311 638 331 345 -1 -1 -1 -1 1 Orange
128 2 402 0 343 88 -1 -1 -1 -1 2 apple
128 3 466 222 312 334 -1 -1 -1 -1 3 Orange
128 4 101 27 352 372 -1 -1 -1 -1 4 apple
128 5 668 896 411 361 -1 -1 -1 -1 5 banana
128 6 827 13 247 556 -1 -1 -1 -1 6 banana
128 7 0 849 281 354 -1 -1 -1 -1 7 apple
128 8 894 506 185 212 -1 -1 -1 -1 8 banana
129 1 309 638 334 346 -1 -1 -1 -1 1 Orange
129 2 405 0 337 88 -1 -1 -1 -1 2 apple
129 3 466 222 311 334 -1 -1 -1 -1 3 Orange
129 4 102 27 351 372 -1 -1 -1 -1 4 apple
129 5 667 896 412 362 -1 -1 -1 -1 5 banana
129 6 825 15 249 553 -1 -1 -1 -1 6 banana
129 7 0 848 280 355 -1 -1 -1 -1 7 apple
129 8 893 506 186 211 -1 -1 -1 -1 8 banana
130 1 310 638 333 346 -1 -1 -1 -1 1 Orange
130 2 402 0 342 89 -1 -1 -1 -1 2 apple
130 3 464 223 313 332 -1 -1 -1 -1 3 Orange
130 4 102 27 351 372 -1 -1 -1 -1 4 apple
130 5 668 893 410 366 -1 -1 -1 -1 5 banana
130 6 821 15 254 551 -1 -1 -1 -1 6 banana
130 7 0 849 282 349 -1 -1 -1 -1 7 apple
130 8 892 505 187 213 -1 -1 -1 -1 8 banana
131 1 310 638 335 344 -1 -1 -1 -1 1 Orange
131 2 402 0 342 89 -1 -1 -1 -1 2 apple
131 3 466 223 310 333 -1 -1 -1 -1 3 Orange
131 4 102 27 352 372 -1 -1 -1 -1 4 apple
131 5 667 889 412 370 -1 -1 -1 -1 5 banana
131 6 823 14 252 552 -1 -1 -1 -1 6 banana
131 7 0 848 280 354 -1 -1 -1 -1 7 apple
131 8 892 504 187 214 -1 -1 -1 -1 8 banana
132 1 310 637 333 346 -1 -1 -1 -1 1 Orange
132 2 400 0 347 89 -1 -1 -1 -1 2 apple
132 3 466 223 311 334 -1 -1 -1 -1 3 Orange
132 4 103 27 350 372 -1 -1 -1 -1 4 apple
132 5 666 888 413 370 -1 -1 -1 -1 5 banana
132 6 824 19 249 547 -1 -1 -1 -1 6 banana
132 7 0 848 282 355 -1 -1 -1 -1 7 apple
132 8 891 503 188 213 -1 -1 -1 -1 8 banana
133 1 310 637 332 347 -1 -1 -1 -1 1 Orange
133 2 400 0 350 90 -1 -1 -1 -1 2 apple
133 3 466 222 310 335 -1 -1 -1 -1 3 Orange
133 4 102 27 351 372 -1 -1 -1 -1 4 apple
133 5 663 892 416 366 -1 -1 -1 -1 5 banana
133 6 825 18 249 548 -1 -1 -1 -1 6 banana
133 7 0 845 282 361 -1 -1 -1 -1 7 apple
133 8 892 502 187 215 -1 -1 -1 -1 8 banana
134 1 310 638 335 344 -1 -1 -1 -1 1 Orange
134 2 402 0 344 89 -1 -1 -1 -1 2 apple
134 3 466 222 312 333 -1 -1 -1 -1 3 Orange
134 4 105 26 345 372 -1 -1 -1 -1 4 apple
134 5 662 893 417 364 -1 -1 -1 -1 5 banana
134 6 824 22 252 543 -1 -1 -1 -1 6 banana
134 7 0 844 283 361 -1 -1 -1 -1 7 apple
134 8 892 501 187 217 -1 -1 -1 -1 8 banana
135 1 311 638 334 343 -1 -1 -1 -1 1 Orange
135 2 400 0 350 89 -1 -1 -1 -1 2 apple
135 3 466 223 311 333 -1 -1 -1 -1 3 Orange
135 4 101 26 352 371 -1 -1 -1 -1 4 apple
135 5 661 892 418 365 -1 -1 -1 -1 5 banana
135 6 827 22 248 545 -1 -1 -1 -1 6 banana
135 7 0 843 284 365 -1 -1 -1 -1 7 apple
135 8 892 501 187 219 -1 -1 -1 -1 8 banana
136 1 311 638 331 345 -1 -1 -1 -1 1 Orange
136 2 403 0 347 90 -1 -1 -1 -1 2 apple
136 3 467 223 309 334 -1 -1 -1 -1 3 Orange
136 4 103 27 348 370 -1 -1 -1 -1 4 apple
136 5 665 892 414 365 -1 -1 -1 -1 5 banana
136 6 825 15 250 551 -1 -1 -1 -1 6 banana
136 7 0 846 285 368 -1 -1 -1 -1 7 apple
136 8 891 504 188 216 -1 -1 -1 -1 8 banana
137 1 311 638 331 346 -1 -1 -1 -1 1 Orange
137 2 404 0 346 90 -1 -1 -1 -1 2 apple
137 3 465 223 312 333 -1 -1 -1 -1 3 Orange
137 4 102 27 351 371 -1 -1 -1 -1 4 apple
137 5 665 894 414 364 -1 -1 -1 -1 5 banana
137 6 826 17 246 550 -1 -1 -1 -1 6 banana
137 7 0 848 287 361 -1 -1 -1 -1 7 apple
137 8 892 504 187 216 -1 -1 -1 -1 8 banana
138 1 311 639 334 342 -1 -1 -1 -1 1 Orange
138 2 399 0 355 94 -1 -1 -1 -1 2 apple
138 3 468 222 308 335 -1 -1 -1 -1 3 Orange
138 4 102 27 350 371 -1 -1 -1 -1 4 apple
138 5 667 895 412 363 -1 -1 -1 -1 5 banana
138 6 825 12 250 554 -1 -1 -1 -1 6 banana
138 7 0 847 283 361 -1 -1 -1 -1 7 apple
138 8 891 506 188 212 -1 -1 -1 -1 8 banana
139 1 312 639 330 343 -1 -1 -1 -1 1 Orange
139 2 400 0 353 95 -1 -1 -1 -1 2 apple
139 3 465 222 311 335 -1 -1 -1 -1 3 Orange
139 4 104 28 349 370 -1 -1 -1 -1 4 apple
139 5 669 893 410 363 -1 -1 -1 -1 5 banana
139 6 829 12 245 556 -1 -1 -1 -1 6 banana
139 7 0 849 283 361 -1 -1 -1 -1 7 apple
139 8 892 506 187 213 -1 -1 -1 -1 8 banana
140 1 311 639 331 343 -1 -1 -1 -1 1 Orange
140 2 403 0 346 92 -1 -1 -1 -1 2 apple
140 3 464 221 312 336 -1 -1 -1 -1 3 Orange
140 4 104 28 348 370 -1 -1 -1 -1 4 apple
140 5 669 892 410 364 -1 -1 -1 -1 5 banana
140 6 829 14 246 554 -1 -1 -1 -1 6 banana
140 7 0 849 282 354 -1 -1 -1 -1 7 apple
140 8 893 505 186 214 -1 -1 -1 -1 8 banana
